1
1
2
6
11
13
17
17
18
19
26
29
32
32
33
33
37
41
47
48
51
51
54
57
58
60
67
71
74
75
76
77
80
84
88
92
96
99
109
111
111
116
116
117
120
124
124
124
125
126
131
132
134
136
137
139
140
140
141
141
146
146
147
150
152
156
158
161
162
163
172
176
176
181
183
183
186
189
191
192
192
193
198
200
201
201
201
202
204
206
206
208
210
211
213
214
218
219
224
225
229
230
235
240
241
241
250
251
253
254
260
260
262
262
266
271
282
282
283
286
290
290
295
295
299
299
304
306
307
308
311
315
318
318
318
321
322
322
323
324
326
332
334
334
349
350
355
356
357
359
360
360
366
366
367
368
371
373
374
379
385
385
386
387
390
393
393
395
399
399
401
402
411
411
415
419
421
427
427
430
431
431
436
438
438
442
442
444
446
448
452
453
453
459
461
462
468
469
472
473
474
476
479
480
481
487
491
492
495
510
510
511
512
513
518
519
527
528
534
535
535
536
539
545
546
548
549
550
556
556
556
557
558
568
570
571
572
578
578
578
583
584
584
588
589
589
589
597
597
597
599
599
602
604
606
606
608
609
612
613
614
618
629
629
631
632
632
632
633
643
644
646
646
646
649
650
650
657
660
662
665
671
672
682
683
690
691
693
704
704
708
711
717
718
718
720
724
724
729
737
739
744
749
751
754
757
761
769
774
777
782
787
790
790
797
800
801
801
805
807
809
814
824
826
835
841
842
847
849
864
865
870
874
882
884
885
889
890
894
895
902
903
904
905
907
912
913
915
919
921
925
928
929
932
939
940
941
944
944
947
949
953
957
958
959
960
961
963
964
970
970
975
976
978
978
981
983
983
984
985
987
987
989
992
997
999
999
1005
1007
1007
1010
1011
1015
1016
1021
1022
1022
1024
1026
1026
1027
1027
1030
1032
1033
1034
1036
1036
1036
1037
1041
1051
1052
1054
1054
1055
1055
1058
1058
1059
1059
1062
1063
1066
1068
1069
1071
1071
1074
1078
1079
1081
1088
1088
1092
1092
1093
1094
1100
1101
1103
1104
1113
1117
1120
1121
1121
1122
1126
1127
1130
1133
1134
1135
1137
1137
1137
1137
1144
1154
1155
1156
1158
1159
1162
1166
1167
1169
1172
1173
1178
1180
1190
1191
1192
1194
1198
1204
1207
1210
1212
1218
1219
1220
1225
1226
1230
1237
1238
1239
1240
1240
1241
1242
1246
1247
1248
1252
1258
1264
1265
1270
1274
1274
1275
1278
1279
1284
1292
1294
1296
1301
1306
1308
1308
1314
1320
1322
1327
1328
1333
1335
1344
1347
1348
1354
1355
1357
1362
1366
1368
1376
1382
1383
1383
1386
1389
1390
1391
1394
1395
1398
1401
1401
1402
1402
1403
1406
1406
1407
1408
1410
1415
1416
1419
1423
1423
1425
1426
1426
1430
1434
1434
1436
1441
1442
1443
1443
1448
1450
1450
1459
1462
1466
1469
1469
1471
1476
1476
1480
1482
1488
1490
1494
1495
1497
1500
1500
1507
1508
1508
1510
1511
1512
1512
1513
1514
1518
1519
1520
1521
1522
1522
1524
1525
1527
1527
1530
1530
1531
1531
1534
1543
1544
1556
1558
1559
1560
1561
1564
1565
1568
1570
1573
1574
1577
1577
1579
1580
1583
1586
1586
1587
1587
1589
1590
1591
1594
1596
1599
1600
1600
1601
1605
1605
1619
1620
1626
1626
1628
1632
1636
1640
1643
1643
1644
1644
1646
1654
1654
1657
1661
1662
1665
1666
1666
1668
1671
1671
1671
1676
1681
1682
1687
1692
1697
1697
1697
1697
1699
1700
1703
1703
1704
1705
1707
1710
1711
1718
1719
1720
1726
1729
1731
1731
1732
1733
1734
1736
1737
1742
1745
1749
1751
1753
1759
1766
1772
1774
1774
1781
1784
1784
1784
1785
1788
1789
1790
1794
1795
1799
1802
1803
1810
1811
1816
1819
1823
1823
1823
1823
1825
1826
1827
1827
1828
1829
1832
1834
1835
1843
1843
1844
1852
1852
1852
1853
1858
1858
1860
1865
1867
1871
1872
1874
1876
1878
1882
1884
1888
1891
1892
1892
1893
1894
1903
1907
1910
1919
1919
1920
1922
1930
1931
1931
1933
1933
1934
1938
1938
1939
1943
1943
1943
1944
1947
1947
1949
1952
1964
1964
1965
1966
1967
1970
1971
1973
1973
1975
1977
1984
1984
1984
1985
1987
1988
1988
1989
1990
1992
1993
1993
1999
2000
2002
2002
2006
2008
2011
2014
2015
2019
2022
2023
2023
2024
2034
2036
2039
2040
2044
2048
2049
2049
2051
2052
2056
2056
2057
2060
2061
2063
2066
2068
2068
2070
2074
2074
2076
2080
2085
2085
2087
2088
2099
2101
2103
2104
2107
2110
2112
2115
2116
2117
2119
2128
2129
2129
2131
2137
2138
2142
2142
2143
2148
2148
2155
2157
2161
2164
2164
2168
2170
2172
2178
2180
2180
2181
2182
2184
2185
2192
2192
2194
2201
2204
2206
2207
2211
2211
2211
2212
2215
2219
2220
2220
2224
2227
2227
2228
2229
2230
2246
2246
2249
2250
2251
2252
2254
2256
2258
2262
2263
2268
2270
2277
2290
2290
2292
2292
2298
2298
2300
2301
2302
2305
2306
2307
2309
2312
2313
2314
2324
2325
2326
2330
2332
2332
2333
2335
2335
2343
2343
2346
2347
2352
2352
2355
2355
2357
2359
2361
2362
2364
2365
2367
2370
2370
2374
2375
2381
2381
2382
2390
2390
2392
2402
2407
2408
2410
2410
2411
2419
2419
2426
2429
2430
2436
2438
2447
2450
2459
2462
2465
2465
2468
2470
2470
2473
2475
2478
2482
2486
2486
2486
2490
2494
2495
2497
2500
2500
2502
2505
2508
2508
2510
2510
2514
2515
2515
2518
2520
2522
2523
2524
2528
2529
2529
2532
2533
2534
2537
2538
2540
2541
2543
2544
2544
2544
2550
2559
2559
2560
2563
2566
2572
2573
2577
2578
2578
2582
2591
2593
2597
2599
2600
2603
2603
2605
2609
2614
2616
2618
2620
2621
2627
2632
2634
2635
2643
2649
2651
2651
2651
2652
2654
2654
2656
2661
2663
2663
2667
2668
2669
2670
2672
2677
2678
2680
2687
2688
2689
2689
2690
2692
2693
2696
2696
2698
2701
2702
2702
2709
2715
2715
2716
2726
2735
2736
2737
2741
2741
2746
2747
2748
2748
2749
2751
2751
2755
2756
2757
2758
2759
2759
2762
2771
2774
2779
2782
2783
2790
2792
2792
2794
2798
2801
2801
2801
2802
2804
2805
2806
2807
2809
2813
2814
2821
2829
2833
2833
2836
2837
2845
2847
2858
2860
2862
2866
2867
2873
2879
2882
2889
2890
2895
2899
2901
2903
2903
2905
2906
2908
2912
2912
2913
2913
2915
2916
2922
2924
2925
2927
2931
2932
2933
2941
2951
2952
2954
2957
2958
2958
2966
2966
2973
2973
2974
2975
2976
2977
2978
2980
2981
2982
2990
2997
2997
2998
3003
3006
3007
3007
3007
3008
3011
3013
3014
3014
3015
3016
3019
3021
3024
3027
3028
3028
3028
3031
3038
3045
3046
3050
3060
3061
3063
3067
3068
3072
3073
3073
3076
3082
3082
3088
3089
3090
3093
3094
3095
3097
3101
3101
3104
3104
3113
3114
3115
3117
3117
3118
3122
3123
3127
3132
3133
3134
3141
3146
3146
3146
3150
3152
3154
3154
3168
3170
3178
3179
3180
3180
3181
3183
3186
3192
3199
3200
3203
3204
3206
3207
3211
3212
3214
3219
3226
3226
3230
3231
3237
3237
3238
3242
3244
3249
3250
3255
3256
3258
3258
3265
3269
3269
3269
3270
3272
3277
3277
3279
3280
3281
3282
3287
3287
3291
3292
3294
3294
3297
3298
3299
3301
3302
3304
3317
3318
3329
3330
3336
3336
3343
3346
3348
3350
3354
3356
3359
3359
3360
3372
3372
3375
3378
3379
3380
3383
3390
3397
3399
3400
3402
3404
3406
3413
3414
3418
3418
3427
3429
3430
3434
3435
3435
3438
3439
3442
3443
3445
3453
3454
3460
3462
3463
3466
3468
3473
3476
3478
3481
3486
3494
3497
3498
3500
3504
3509
3512
3514
3514
3522
3522
3524
3525
3526
3526
3531
3531
3534
3539
3542
3542
3547
3548
3552
3552
3554
3554
3557
3561
3562
3563
3564
3565
3567
3579
3580
3580
3582
3589
3589
3590
3596
3598
3605
3614
3631
3632
3632
3633
3634
3634
3635
3637
3637
3638
3642
3645
3654
3655
3659
3660
3664
3668
3672
3674
3677
3677
3682
3682
3682
3684
3686
3688
3690
3691
3693
3694
3700
3713
3713
3714
3716
3723
3724
3726
3729
3731
3732
3734
3735
3737
3738
3740
3742
3743
3744
3746
3746
3747
3747
3748
3752
3756
3765
3776
3779
3782
3784
3790
3792
3792
3795
3798
3802
3809
3809
3812
3812
3814
3816
3817
3818
3819
3819
3835
3841
3844
3847
3848
3850
3852
3854
3856
3860
3861
3866
3870
3870
3873
3876
3880
3881
3883
3884
3884
3889
3892
3894
3895
3895
3898
3898
3899
3902
3906
3911
3914
3918
3919
3923
3926
3927
3929
3932
3932
3935
3938
3938
3939
3940
3942
3947
3953
3955
3956
3961
3962
3963
3964
3967
3971
3972
3979
3981
3983
3985
3988
3997
4002
4004
4005
4008
4009
4013
4024
4024
4025
4028
4031
4032
4033
4033
4033
4034
4035
4036
4036
4038
4038
4041
4041
4043
4048
4050
4050
4052
4057
4059
4059
4061
4062
4067
4068
4071
4071
4074
4076
4080
4083
4097
4099
4099
4103
4103
4108
4109
4110
4110
4112
4114
4122
4127
4127
4128
4128
4130
4137
4138
4140
4143
4144
4147
4152
4152
4154
4157
4158
4160
4162
4165
4166
4166
4167
4168
4171
4180
4181
4181
4184
4185
4186
4187
4198
4198
4201
4201
4207
4207
4208
4209
4216
4218
4223
4224
4229
4230
4230
4230
4232
4236
4237
4240
4241
4241
4245
4245
4247
4248
4252
4256
4263
4264
4267
4268
4271
4275
4278
4279
4280
4282
4282
4285
4287
4288
4288
4293
4294
4294
4295
4296
4300
4303
4303
4305
4311
4317
4318
4318
4326
4327
4328
4336
4336
4338
4340
4342
4346
4349
4353
4359
4359
4369
4371
4371
4374
4377
4378
4380
4380
4381
4382
4385
4388
4392
4394
4395
4395
4402
4403
4406
4409
4409
4415
4415
4418
4426
4426
4426
4428
4428
4430
4430
4436
4437
4440
4441
4442
4443
4445
4447
4448
4449
4451
4459
4461
4462
4466
4469
4469
4469
4470
4472
4474
4474
4474
4475
4476
4478
4479
4479
4480
4486
4489
4492
4493
4495
4496
4505
4505
4508
4512
4512
4513
4513
4518
4518
4521
4523
4523
4524
4527
4529
4529
4530
4531
4540
4540
4546
4547
4550
4552
4557
4562
4562
4564
4566
4566
4569
4574
4574
4574
4579
4580
4581
4581
4585
4587
4592
4597
4600
4605
4605
4612
4612
4614
4619
4621
4623
4624
4625
4637
4638
4638
4639
4639
4640
4642
4651
4662
4667
4668
4671
4673
4674
4676
4679
4679
4679
4679
4680
4683
4685
4685
4685
4689
4689
4692
4692
4697
4697
4697
4699
4706
4707
4708
4709
4710
4710
4718
4724
4724
4728
4729
4729
4731
4731
4735
4738
4740
4742
4744
4752
4752
4755
4758
4759
4760
4761
4765
4767
4770
4771
4777
4777
4778
4784
4787
4789
4790
4793
4793
4794
4795
4797
4805
4806
4807
4811
4812
4813
4816
4819
4821
4821
4822
4825
4828
4831
4835
4836
4836
4837
4838
4842
4842
4842
4844
4849
4864
4865
4866
4869
4870
4870
4874
4875
4875
4881
4889
4890
4898
4900
4904
4907
4910
4914
4917
4918
4918
4920
4922
4926
4929
4933
4934
4935
4948
4950
4954
4959
4961
4962
4968
4968
4969
4971
4971
4977
4980
4984
4988
4988
4989
4991
4995
4996
4997
4998
4998
5000
