2
3
7
10
11
16
18
19
22
23
26
29
30
33
35
39
39
42
43
45
50
51
58
61
64
66
79
83
89
94
97
98
98
99
100
107
107
108
112
116
119
122
123
123
125
127
127
135
142
143
143
145
147
155
157
170
174
176
178
179
179
179
182
183
185
185
187
196
198
206
208
211
215
220
227
233
234
236
236
237
240
241
242
244
246
246
252
254
255
257
260
262
264
267
270
279
280
282
282
285
287
289
291
296
304
306
306
309
309
310
310
311
313
317
321
322
323
324
324
324
324
324
327
328
331
332
332
338
338
341
347
347
351
354
359
364
365
368
368
370
370
372
374
374
375
376
380
381
383
384
386
388
388
392
395
398
398
399
402
403
405
406
410
412
418
420
423
423
423
425
429
433
434
441
445
447
452
453
454
455
456
461
473
474
484
488
493
494
497
497
501
503
504
507
507
511
516
517
519
521
521
529
533
534
538
540
541
544
547
547
550
555
557
557
566
571
576
577
579
580
583
584
586
587
590
591
594
603
604
606
611
614
615
616
617
620
620
624
631
631
632
633
639
644
650
651
658
659
660
666
666
667
668
670
679
679
680
681
683
693
696
697
697
699
700
701
703
705
710
711
714
714
715
717
717
719
721
721
722
726
729
732
733
740
740
740
745
749
749
751
753
753
754
756
765
766
769
770
773
779
781
783
792
793
795
800
801
807
812
813
816
818
818
824
826
830
832
832
839
840
841
841
842
845
853
857
860
862
863
863
863
872
875
878
878
882
883
885
886
894
895
896
907
910
913
916
918
918
920
922
926
926
930
930
932
933
938
941
944
946
950
950
951
952
954
955
966
967
970
972
987
988
989
999
1000
1001
1001
1003
1005
1005
1007
1008
1009
1014
1016
1020
1022
1022
1023
1024
1024
1031
1034
1036
1038
1040
1044
1044
1046
1051
1055
1056
1059
1063
1063
1065
1066
1067
1069
1072
1072
1073
1075
1076
1082
1082
1086
1089
1091
1091
1091
1094
1097
1099
1100
1100
1101
1101
1109
1110
1114
1114
1120
1122
1124
1125
1129
1130
1137
1138
1141
1142
1143
1146
1152
1153
1154
1156
1158
1158
1161
1163
1166
1168
1169
1171
1174
1178
1185
1191
1194
1195
1195
1196
1197
1197
1200
1201
1205
1210
1213
1213
1214
1216
1217
1218
1218
1219
1226
1227
1235
1236
1236
1241
1246
1254
1260
1262
1266
1274
1275
1276
1276
1280
1280
1284
1285
1287
1291
1292
1294
1297
1303
1305
1307
1310
1313
1314
1315
1315
1316
1318
1319
1321
1321
1326
1327
1331
1333
1333
1334
1334
1334
1334
1346
1360
1361
1365
1367
1369
1373
1374
1374
1381
1382
1383
1384
1390
1390
1391
1394
1394
1395
1396
1399
1399
1400
1400
1408
1408
1409
1409
1412
1414
1414
1415
1415
1416
1419
1420
1424
1426
1426
1427
1429
1434
1437
1439
1439
1441
1445
1447
1448
1449
1449
1454
1463
1466
1466
1467
1470
1473
1476
1478
1481
1482
1484
1490
1497
1498
1499
1501
1504
1506
1509
1511
1512
1513
1518
1519
1520
1520
1527
1530
1530
1531
1531
1535
1536
1537
1539
1541
1541
1541
1542
1544
1547
1555
1555
1558
1560
1561
1562
1563
1564
1565
1566
1576
1576
1580
1581
1584
1586
1586
1587
1589
1589
1590
1593
1599
1600
1603
1606
1608
1615
1622
1623
1623
1632
1632
1635
1638
1638
1638
1642
1645
1645
1646
1648
1650
1651
1659
1661
1661
1668
1671
1671
1677
1678
1681
1684
1685
1687
1687
1688
1690
1691
1693
1695
1696
1698
1699
1707
1707
1711
1721
1722
1722
1726
1728
1731
1732
1736
1737
1738
1739
1740
1741
1745
1750
1750
1750
1751
1758
1761
1762
1763
1763
1764
1765
1765
1768
1770
1776
1778
1778
1787
1791
1792
1793
1795
1801
1804
1805
1808
1809
1810
1814
1814
1815
1824
1824
1824
1825
1825
1829
1830
1832
1836
1844
1845
1847
1847
1851
1852
1857
1859
1862
1873
1875
1883
1888
1890
1895
1896
1898
1899
1899
1899
1900
1901
1903
1903
1904
1907
1907
1909
1910
1911
1913
1922
1926
1931
1932
1935
1941
1946
1950
1950
1953
1954
1960
1962
1964
1967
1968
1968
1969
1971
1975
1976
1980
1982
1984
1985
1989
1989
1993
1993
1994
1995
1999
2001
2008
2009
2010
2015
2017
2018
2020
2021
2021
2024
2031
2033
2037
2038
2045
2048
2050
2051
2052
2056
2057
2057
2057
2061
2062
2064
2066
2067
2073
2075
2075
2076
2077
2079
2079
2080
2085
2092
2096
2098
2098
2102
2104
2105
2106
2116
2116
2117
2121
2127
2129
2130
2137
2141
2143
2145
2146
2147
2148
2149
2149
2151
2155
2156
2156
2156
2157
2160
2161
2162
2163
2164
2168
2168
2170
2170
2171
2172
2172
2177
2179
2180
2182
2186
2186
2186
2195
2196
2196
2198
2200
2201
2209
2209
2210
2211
2215
2217
2223
2223
2223
2227
2227
2228
2228
2232
2233
2233
2234
2234
2235
2242
2243
2247
2266
2266
2271
2271
2278
2284
2285
2286
2293
2295
2300
2301
2302
2303
2306
2308
2308
2313
2318
2320
2321
2325
2327
2328
2329
2330
2335
2336
2341
2343
2350
2354
2355
2356
2356
2358
2359
2359
2360
2362
2363
2365
2366
2366
2374
2374
2386
2387
2387
2388
2391
2391
2403
2406
2412
2415
2420
2421
2428
2436
2438
2439
2440
2440
2450
2457
2461
2462
2470
2473
2481
2488
2491
2493
2496
2498
2499
2499
2501
2504
2508
2509
2515
2516
2516
2517
2519
2521
2528
2529
2530
2533
2534
2535
2536
2537
2537
2542
2547
2549
2550
2553
2555
2556
2558
2560
2563
2568
2569
2570
2579
2584
2586
2591
2594
2594
2599
2605
2607
2610
2611
2614
2616
2616
2620
2627
2630
2633
2633
2634
2638
2640
2641
2644
2645
2649
2650
2656
2656
2658
2662
2664
2665
2669
2673
2675
2677
2677
2678
2679
2679
2688
2692
2694
2695
2695
2700
2705
2706
2708
2709
2711
2711
2712
2714
2718
2725
2726
2728
2730
2731
2737
2737
2740
2745
2746
2747
2747
2752
2753
2758
2759
2761
2767
2778
2778
2780
2780
2782
2783
2783
2784
2788
2793
2796
2798
2802
2810
2812
2813
2816
2825
2828
2828
2830
2832
2835
2843
2845
2845
2851
2857
2859
2860
2862
2862
2863
2865
2872
2877
2877
2877
2883
2890
2892
2892
2895
2895
2897
2898
2899
2902
2908
2909
2911
2912
2913
2917
2917
2918
2919
2922
2924
2925
2928
2931
2935
2936
2936
2937
2941
2943
2946
2947
2947
2948
2949
2953
2956
2956
2960
2963
2963
2968
2971
2984
2987
2987
2991
3002
3003
3004
3007
3016
3016
3021
3023
3024
3025
3028
3034
3043
3044
3046
3054
3058
3058
3071
3075
3075
3077
3078
3079
3083
3088
3089
3090
3091
3091
3092
3096
3096
3096
3096
3101
3101
3108
3109
3113
3115
3117
3117
3125
3130
3130
3131
3132
3133
3134
3141
3142
3143
3144
3147
3149
3153
3158
3160
3162
3163
3165
3167
3172
3174
3175
3189
3194
3196
3197
3198
3199
3205
3206
3207
3208
3209
3213
3213
3215
3218
3221
3222
3222
3228
3228
3234
3238
3241
3241
3242
3244
3247
3248
3250
3251
3253
3254
3254
3262
3268
3269
3270
3271
3277
3280
3283
3287
3287
3300
3301
3304
3306
3312
3312
3314
3314
3315
3316
3316
3319
3321
3321
3324
3326
3327
3330
3333
3334
3335
3337
3338
3339
3343
3347
3348
3350
3352
3353
3354
3358
3360
3365
3366
3368
3369
3378
3381
3383
3383
3390
3396
3397
3399
3405
3406
3406
3407
3409
3410
3411
3412
3414
3414
3415
3418
3423
3424
3429
3435
3441
3451
3452
3455
3456
3456
3457
3459
3459
3460
3464
3466
3466
3470
3476
3476
3478
3487
3491
3492
3493
3494
3494
3504
3506
3510
3510
3514
3515
3517
3519
3525
3526
3529
3529
3532
3532
3538
3540
3543
3544
3553
3553
3554
3556
3557
3559
3567
3573
3575
3578
3582
3583
3586
3588
3588
3588
3590
3590
3597
3599
3605
3609
3610
3611
3614
3618
3620
3621
3629
3631
3631
3633
3636
3637
3640
3640
3643
3645
3646
3646
3647
3648
3652
3654
3654
3657
3659
3668
3671
3675
3675
3677
3677
3681
3682
3691
3693
3694
3703
3708
3708
3710
3712
3712
3714
3716
3720
3724
3724
3727
3729
3731
3733
3736
3738
3738
3742
3744
3744
3744
3747
3749
3752
3753
3755
3759
3761
3761
3765
3766
3768
3773
3775
3779
3781
3786
3792
3794
3794
3795
3799
3802
3806
3808
3808
3809
3816
3820
3820
3822
3824
3825
3827
3829
3831
3836
3836
3840
3841
3846
3851
3857
3859
3864
3865
3871
3872
3872
3878
3878
3879
3881
3882
3884
3885
3887
3890
3891
3893
3895
3897
3897
3898
3898
3898
3901
3902
3903
3908
3909
3911
3913
3913
3913
3917
3920
3922
3932
3933
3934
3938
3942
3944
3946
3949
3953
3954
3955
3956
3956
3965
3970
3972
3974
3977
3977
3978
3978
3982
3992
3993
3994
3999
4001
4003
4004
4010
4011
4011
4012
4013
4014
4015
4015
4015
4016
4019
4023
4024
4025
4025
4025
4026
4027
4030
4041
4041
4046
4046
4046
4050
4055
4057
4058
4062
4066
4072
4074
4075
4076
4080
4081
4083
4087
4091
4093
4101
4104
4105
4106
4113
4114
4117
4118
4118
4121
4121
4123
4126
4126
4129
4130
4131
4132
4132
4135
4135
4136
4137
4137
4138
4141
4146
4146
4147
4148
4149
4157
4160
4165
4171
4172
4172
4174
4176
4177
4178
4180
4181
4182
4183
4185
4188
4189
4189
4192
4193
4198
4199
4199
4202
4204
4204
4205
4211
4213
4214
4215
4218
4219
4221
4222
4224
4229
4231
4234
4234
4234
4239
4250
4253
4255
4257
4267
4271
4273
4277
4277
4284
4287
4290
4290
4291
4293
4293
4293
4301
4302
4304
4305
4306
4307
4309
4310
4311
4312
4314
4315
4316
4323
4324
4325
4326
4335
4340
4345
4348
4350
4353
4354
4355
4355
4356
4365
4370
4371
4374
4377
4379
4381
4390
4392
4393
4396
4400
4402
4407
4407
4410
4413
4416
4417
4425
4426
4427
4427
4428
4430
4431
4444
4444
4445
4447
4450
4454
4454
4461
4465
4467
4469
4472
4473
4474
4478
4479
4482
4483
4486
4488
4493
4495
4503
4505
4512
4523
4526
4526
4526
4527
4529
4534
4534
4535
4536
4538
4539
4539
4543
4544
4545
4545
4546
4552
4555
4557
4562
4562
4566
4571
4571
4573
4575
4578
4583
4586
4587
4587
4588
4590
4592
4592
4596
4596
4602
4603
4603
4603
4604
4608
4608
4611
4616
4617
4619
4625
4631
4635
4636
4640
4643
4645
4647
4650
4652
4653
4653
4656
4659
4660
4670
4670
4670
4671
4682
4683
4691
4694
4694
4697
4698
4700
4702
4702
4703
4709
4713
4714
4714
4720
4720
4721
4722
4724
4729
4731
4731
4733
4736
4737
4737
4740
4743
4745
4747
4749
4750
4751
4753
4758
4763
4764
4765
4765
4769
4771
4774
4776
4778
4779
4780
4782
4783
4787
4788
4791
4792
4793
4794
4797
4800
4801
4805
4806
4811
4815
4817
4819
4820
4823
4824
4829
4834
4835
4838
4838
4851
4851
4854
4859
4860
4861
4861
4861
4865
4866
4868
4873
4878
4878
4881
4890
4890
4892
4900
4903
4904
4905
4907
4910
4910
4912
4916
4917
4918
4925
4926
4926
4927
4928
4929
4929
4931
4932
4943
4944
4945
4946
4947
4948
4951
4955
4957
4958
4963
4967
4969
4971
4972
4976
4978
4978
4980
4980
4982
4985
4986
4986
4987
4987
4987
4992
4993
4998
