7
8
21
25
27
32
35
35
56
56
66
66
66
72
76
76
83
84
85
111
130
131
140
141
143
146
159
164
164
171
174
174
175
177
187
188
190
197
202
207
208
212
213
216
225
231
238
238
247
247
249
250
261
263
268
274
275
280
280
288
289
289
292
293
307
322
323
324
328
328
330
331
332
336
338
341
347
348
355
374
375
376
379
384
394
395
414
430
431
448
458
459
463
464
476
482
484
490
492
493
494
494
498
502
503
505
507
526
530
533
535
540
541
550
554
568
572
573
584
585
587
589
590
595
602
613
614
619
619
629
637
646
653
657
663
665
669
679
682
686
691
700
704
707
710
713
713
715
718
723
723
729
730
733
741
750
756
761
764
770
783
809
818
823
826
827
827
828
832
833
862
863
868
870
872
879
881
895
897
908
911
912
915
917
918
926
949
949
952
956
959
965
971
976
976
985
990
990
995
999
999
1003
1009
1009
1026
1029
1034
1038
1039
1043
1045
1046
1046
1055
1062
1070
1098
1099
1109
1110
1111
1117
1119
1121
1132
1133
1135
1135
1151
1156
1168
1169
1173
1175
1178
1192
1196
1207
1208
1210
1211
1220
1222
1225
1229
1235
1248
1253
1256
1273
1281
1289
1293
1295
1296
1303
1305
1311
1319
1325
1329
1338
1345
1347
1354
1354
1354
1358
1358
1367
1369
1370
1370
1372
1373
1375
1377
1378
1381
1393
1396
1396
1419
1423
1432
1434
1442
1442
1450
1459
1467
1476
1478
1480
1487
1489
1489
1491
1494
1495
1503
1504
1514
1518
1523
1544
1544
1546
1550
1553
1560
1563
1566
1572
1574
1574
1594
1601
1603
1603
1606
1614
1620
1621
1629
1637
1638
1639
1644
1647
1652
1655
1673
1673
1674
1683
1686
1688
1691
1696
1697
1701
1704
1708
1713
1716
1720
1722
1723
1734
1736
1742
1742
1748
1750
1754
1757
1758
1758
1762
1764
1777
1779
1781
1785
1786
1800
1801
1803
1804
1804
1805
1807
1808
1812
1817
1820
1825
1834
1840
1844
1853
1861
1863
1869
1871
1872
1874
1876
1882
1883
1884
1885
1887
1889
1889
1891
1892
1898
1900
1901
1904
1912
1918
1923
1936
1945
1951
1957
1966
1978
1978
1978
1980
1988
1996
2003
2003
2013
2014
2017
2029
2032
2032
2035
2036
2038
2045
2048
2048
2054
2059
2065
2067
2067
2074
2084
2085
2085
2087
2088
2088
2089
2096
2106
2112
2135
2140
2142
2143
2144
2151
2152
2170
2180
2196
2196
2217
2220
2239
2240
2245
2267
2272
2272
2274
2278
2283
2284
2289
2291
2295
2296
2299
2301
2310
2313
2314
2315
2324
2324
2340
2342
2343
2348
2350
2354
2355
2356
2359
2369
2370
2372
2378
2387
2397
2401
2415
2417
2433
2440
2450
2452
2454
2455
2466
2467
2476
2483
2492
2499
2501
2504
2516
2517
2532
2553
2562
2568
2570
2578
2578
2582
2584
2585
2587
2595
2602
2602
2607
2612
2612
2614
2615
2618
2619
2621
2624
2626
2630
2634
2634
2636
2644
2649
2651
2657
2661
2668
2673
2677
2690
2692
2698
2703
2713
2716
2717
2721
2721
2733
2739
2742
2745
2756
2761
2768
2776
2788
2790
2798
2803
2807
2811
2811
2817
2819
2825
2825
2828
2829
2842
2842
2843
2847
2848
2853
2854
2875
2883
2887
2895
2896
2899
2899
2902
2912
2918
2929
2953
2954
2955
2969
2970
2994
2995
2995
2998
3002
3012
3012
3014
3015
3016
3027
3030
3033
3045
3045
3046
3049
3052
3056
3063
3066
3071
3077
3077
3097
3100
3100
3105
3108
3111
3112
3117
3119
3124
3142
3150
3165
3168
3168
3169
3183
3190
3197
3197
3201
3210
3210
3219
3223
3230
3236
3237
3247
3254
3259
3272
3272
3272
3294
3298
3300
3304
3305
3311
3347
3359
3367
3371
3383
3387
3387
3388
3390
3395
3396
3400
3404
3406
3408
3412
3415
3418
3422
3422
3426
3429
3429
3434
3441
3444
3467
3470
3477
3477
3483
3486
3488
3493
3494
3526
3529
3530
3535
3559
3560
3560
3571
3573
3576
3578
3585
3592
3600
3609
3613
3614
3622
3627
3629
3630
3631
3633
3636
3637
3639
3639
3648
3652
3655
3657
3657
3659
3665
3670
3681
3686
3689
3692
3698
3709
3710
3723
3726
3735
3748
3749
3756
3762
3768
3768
3768
3769
3779
3783
3784
3784
3785
3787
3804
3807
3827
3828
3831
3837
3840
3844
3851
3853
3856
3857
3859
3859
3860
3863
3874
3878
3881
3882
3882
3887
3891
3892
3917
3918
3919
3919
3920
3925
3926
3931
3940
3956
3959
3968
3969
3975
3988
3988
3991
3993
3994
3994
3998
4029
4030
4035
4036
4041
4041
4044
4052
4057
4072
4088
4089
4091
4091
4116
4120
4121
4123
4130
4131
4136
4138
4158
4159
4159
4160
4162
4166
4188
4195
4198
4198
4204
4204
4209
4226
4239
4240
4241
4248
4257
4264
4264
4275
4282
4290
4292
4298
4298
4298
4303
4304
4306
4307
4307
4309
4313
4318
4318
4330
4338
4340
4341
4349
4351
4352
4356
4357
4362
4364
4365
4368
4380
4383
4384
4384
4385
4393
4405
4406
4407
4411
4429
4438
4443
4465
4472
4473
4475
4494
4499
4504
4505
4510
4512
4517
4525
4527
4534
4534
4540
4544
4547
4551
4554
4560
4562
4565
4567
4570
4581
4581
4591
4604
4612
4615
4623
4624
4626
4632
4636
4641
4642
4646
4649
4653
4657
4670
4684
4687
4693
4695
4697
4698
4701
4704
4705
4706
4708
4709
4713
4719
4721
4723
4728
4736
4746
4747
4749
4756
4758
4758
4759
4764
4767
4808
4810
4818
4824
4833
4839
4840
4852
4853
4853
4865
4868
4873
4883
4900
4900
4901
4907
4918
4923
4934
4934
4938
4942
4944
4945
4951
4954
4954
4959
4964
4968
4975
4979
4979
4986
4991
4998
