4998
4991
4986
4979
4979
4975
4968
4964
4959
4954
4954
4951
4945
4944
4942
4938
4934
4934
4923
4918
4907
4901
4900
4900
4883
4873
4868
4865
4853
4853
4852
4840
4839
4833
4824
4818
4810
4808
4767
4764
4759
4758
4758
4756
4749
4747
4746
4736
4728
4723
4721
4719
4713
4709
4708
4706
4705
4704
4701
4698
4697
4695
4693
4687
4684
4670
4657
4653
4649
4646
4642
4641
4636
4632
4626
4624
4623
4615
4612
4604
4591
4581
4581
4570
4567
4565
4562
4560
4554
4551
4547
4544
4540
4534
4534
4527
4525
4517
4512
4510
4505
4504
4499
4494
4475
4473
4472
4465
4443
4438
4429
4411
4407
4406
4405
4393
4385
4384
4384
4383
4380
4368
4365
4364
4362
4357
4356
4352
4351
4349
4341
4340
4338
4330
4318
4318
4313
4309
4307
4307
4306
4304
4303
4298
4298
4298
4292
4290
4282
4275
4264
4264
4257
4248
4241
4240
4239
4226
4209
4204
4204
4198
4198
4195
4188
4166
4162
4160
4159
4159
4158
4138
4136
4131
4130
4123
4121
4120
4116
4091
4091
4089
4088
4072
4057
4052
4044
4041
4041
4036
4035
4030
4029
3998
3994
3994
3993
3991
3988
3988
3975
3969
3968
3959
3956
3940
3931
3926
3925
3920
3919
3919
3918
3917
3892
3891
3887
3882
3882
3881
3878
3874
3863
3860
3859
3859
3857
3856
3853
3851
3844
3840
3837
3831
3828
3827
3807
3804
3787
3785
3784
3784
3783
3779
3769
3768
3768
3768
3762
3756
3749
3748
3735
3726
3723
3710
3709
3698
3692
3689
3686
3681
3670
3665
3659
3657
3657
3655
3652
3648
3639
3639
3637
3636
3633
3631
3630
3629
3627
3622
3614
3613
3609
3600
3592
3585
3578
3576
3573
3571
3560
3560
3559
3535
3530
3529
3526
3494
3493
3488
3486
3483
3477
3477
3470
3467
3444
3441
3434
3429
3429
3426
3422
3422
3418
3415
3412
3408
3406
3404
3400
3396
3395
3390
3388
3387
3387
3383
3371
3367
3359
3347
3311
3305
3304
3300
3298
3294
3272
3272
3272
3259
3254
3247
3237
3236
3230
3223
3219
3210
3210
3201
3197
3197
3190
3183
3169
3168
3168
3165
3150
3142
3124
3119
3117
3112
3111
3108
3105
3100
3100
3097
3077
3077
3071
3066
3063
3056
3052
3049
3046
3045
3045
3033
3030
3027
3016
3015
3014
3012
3012
3002
2998
2995
2995
2994
2970
2969
2955
2954
2953
2929
2918
2912
2902
2899
2899
2896
2895
2887
2883
2875
2860
2854
2853
2848
2847
2843
2842
2842
2829
2828
2825
2825
2819
2817
2811
2811
2807
2803
2798
2790
2788
2776
2768
2761
2756
2745
2742
2739
2733
2721
2721
2717
2716
2713
2703
2698
2692
2690
2677
2673
2668
2661
2657
2651
2649
2644
2636
2634
2634
2630
2626
2624
2621
2619
2618
2615
2614
2612
2612
2607
2602
2602
2595
2587
2585
2584
2582
2578
2578
2570
2568
2562
2553
2532
2517
2516
2504
2501
2499
2492
2483
2476
2467
2466
2455
2454
2452
2450
2440
2433
2417
2415
2401
2397
2387
2378
2372
2370
2369
2359
2356
2355
2354
2350
2348
2343
2342
2340
2324
2324
2315
2314
2313
2310
2301
2299
2296
2295
2291
2289
2284
2283
2278
2274
2272
2272
2267
2245
2240
2239
2220
2217
2196
2196
2180
2170
2152
2151
2144
2143
2142
2140
2135
2112
2106
2096
2089
2088
2088
2087
2085
2085
2084
2074
2067
2067
2065
2059
2054
2048
2048
2045
2038
2036
2035
2032
2032
2029
2017
2014
2013
2003
2003
1996
1988
1980
1978
1978
1978
1966
1957
1951
1945
1936
1923
1918
1912
1904
1901
1900
1898
1892
1891
1889
1889
1887
1885
1884
1883
1882
1876
1874
1872
1871
1869
1863
1861
1853
1844
1840
1834
1825
1820
1817
1812
1808
1807
1805
1804
1804
1803
1801
1800
1786
1785
1781
1779
1777
1764
1762
1758
1758
1757
1754
1750
1748
1742
1742
1736
1734
1723
1722
1720
1716
1713
1708
1704
1701
1697
1696
1691
1688
1686
1683
1674
1673
1673
1655
1652
1647
1644
1639
1638
1637
1629
1621
1620
1614
1606
1603
1603
1601
1594
1574
1574
1572
1566
1563
1560
1553
1550
1546
1544
1544
1523
1518
1514
1504
1503
1495
1494
1491
1489
1489
1487
1480
1478
1476
1467
1459
1450
1442
1442
1434
1432
1423
1419
1396
1396
1393
1381
1378
1377
1375
1373
1372
1370
1370
1369
1367
1358
1358
1354
1354
1354
1347
1345
1338
1329
1325
1319
1311
1305
1303
1296
1295
1293
1289
1281
1273
1256
1253
1248
1235
1229
1225
1222
1220
1211
1210
1208
1207
1196
1192
1178
1175
1173
1169
1168
1156
1151
1135
1135
1133
1132
1121
1119
1117
1111
1110
1109
1099
1098
1070
1062
1055
1046
1046
1045
1043
1039
1038
1034
1029
1026
1009
1009
1003
999
999
995
990
990
985
976
976
971
965
959
956
952
949
949
926
918
917
915
912
911
908
897
895
881
879
872
870
868
863
862
833
832
828
827
827
826
823
818
809
783
770
764
761
756
750
741
733
730
729
723
723
718
715
713
713
710
707
704
700
691
686
682
679
669
665
663
657
653
646
637
629
619
619
614
613
602
595
590
589
587
585
584
573
572
568
554
550
541
540
535
533
530
526
507
505
503
502
498
494
494
493
492
490
484
482
476
464
463
459
458
448
431
430
414
395
394
384
379
376
375
374
355
348
347
341
338
336
332
331
330
328
328
324
323
322
307
293
292
289
289
288
280
280
275
274
268
263
261
250
249
247
247
238
238
231
225
216
213
212
208
207
202
197
190
188
187
177
175
174
174
171
164
164
159
146
143
141
140
131
130
111
85
84
83
76
76
72
66
66
66
56
56
35
35
32
27
25
21
8
7
