5000
4998
4998
4998
4998
4997
4996
4995
4993
4992
4991
4991
4989
4988
4988
4987
4987
4987
4986
4986
4986
4985
4984
4982
4980
4980
4980
4979
4979
4978
4978
4977
4976
4975
4972
4971
4971
4971
4969
4969
4968
4968
4968
4967
4964
4963
4962
4961
4959
4959
4958
4957
4955
4954
4954
4954
4951
4951
4950
4948
4948
4947
4946
4945
4945
4944
4944
4943
4942
4938
4935
4934
4934
4934
4933
4932
4931
4929
4929
4929
4928
4927
4926
4926
4926
4925
4923
4922
4920
4918
4918
4918
4918
4917
4917
4916
4914
4912
4910
4910
4910
4907
4907
4907
4905
4904
4904
4903
4901
4900
4900
4900
4900
4898
4892
4890
4890
4890
4889
4883
4881
4881
4878
4878
4875
4875
4874
4873
4873
4870
4870
4869
4868
4868
4866
4866
4865
4865
4865
4864
4861
4861
4861
4860
4859
4854
4853
4853
4852
4851
4851
4849
4844
4842
4842
4842
4840
4839
4838
4838
4838
4837
4836
4836
4835
4835
4834
4833
4831
4829
4828
4825
4824
4824
4823
4822
4821
4821
4820
4819
4819
4818
4817
4816
4815
4813
4812
4811
4811
4810
4808
4807
4806
4806
4805
4805
4801
4800
4797
4797
4795
4794
4794
4793
4793
4793
4792
4791
4790
4789
4788
4787
4787
4784
4783
4782
4780
4779
4778
4778
4777
4777
4776
4774
4771
4771
4770
4769
4767
4767
4765
4765
4765
4764
4764
4763
4761
4760
4759
4759
4758
4758
4758
4758
4756
4755
4753
4752
4752
4751
4750
4749
4749
4747
4747
4746
4745
4744
4743
4742
4740
4740
4738
4737
4737
4736
4736
4735
4733
4731
4731
4731
4731
4729
4729
4729
4728
4728
4724
4724
4724
4723
4722
4721
4721
4720
4720
4719
4718
4714
4714
4713
4713
4710
4710
4709
4709
4709
4708
4708
4707
4706
4706
4705
4704
4703
4702
4702
4701
4700
4699
4698
4698
4697
4697
4697
4697
4697
4695
4694
4694
4693
4692
4692
4691
4689
4689
4687
4685
4685
4685
4684
4683
4683
4682
4680
4679
4679
4679
4679
4676
4674
4673
4671
4671
4670
4670
4670
4670
4668
4667
4662
4660
4659
4657
4656
4653
4653
4653
4652
4651
4650
4649
4647
4646
4645
4643
4642
4642
4641
4640
4640
4639
4639
4638
4638
4637
4636
4636
4635
4632
4631
4626
4625
4625
4624
4624
4623
4623
4621
4619
4619
4617
4616
4615
4614
4612
4612
4612
4611
4608
4608
4605
4605
4604
4604
4603
4603
4603
4602
4600
4597
4596
4596
4592
4592
4592
4591
4590
4588
4587
4587
4587
4586
4585
4583
4581
4581
4581
4581
4580
4579
4578
4575
4574
4574
4574
4573
4571
4571
4570
4569
4567
4566
4566
4566
4565
4564
4562
4562
4562
4562
4562
4560
4557
4557
4555
4554
4552
4552
4551
4550
4547
4547
4546
4546
4545
4545
4544
4544
4543
4540
4540
4540
4539
4539
4538
4536
4535
4534
4534
4534
4534
4531
4530
4529
4529
4529
4527
4527
4527
4526
4526
4526
4525
4524
4523
4523
4523
4521
4518
4518
4517
4513
4513
4512
4512
4512
4512
4510
4508
4505
4505
4505
4505
4504
4503
4499
4496
4495
4495
4494
4493
4493
4492
4489
4488
4486
4486
4483
4482
4480
4479
4479
4479
4478
4478
4476
4475
4475
4474
4474
4474
4474
4473
4473
4472
4472
4472
4470
4469
4469
4469
4469
4467
4466
4465
4465
4462
4461
4461
4459
4454
4454
4451
4450
4449
4448
4447
4447
4445
4445
4444
4444
4443
4443
4442
4441
4440
4438
4437
4436
4431
4430
4430
4430
4429
4428
4428
4428
4427
4427
4426
4426
4426
4426
4425
4418
4417
4416
4415
4415
4413
4411
4410
4409
4409
4407
4407
4407
4406
4406
4405
4403
4402
4402
4400
4396
4395
4395
4394
4393
4393
4392
4392
4390
4388
4385
4385
4384
4384
4383
4382
4381
4381
4380
4380
4380
4379
4378
4377
4377
4374
4374
4371
4371
4371
4370
4369
4368
4365
4365
4364
4362
4359
4359
4357
4356
4356
4355
4355
4354
4353
4353
4352
4351
4350
4349
4349
4348
4346
4345
4342
4341
4340
4340
4340
4338
4338
4336
4336
4335
4330
4328
4327
4326
4326
4325
4324
4323
4318
4318
4318
4318
4317
4316
4315
4314
4313
4312
4311
4311
4310
4309
4309
4307
4307
4307
4306
4306
4305
4305
4304
4304
4303
4303
4303
4302
4301
4300
4298
4298
4298
4296
4295
4294
4294
4293
4293
4293
4293
4292
4291
4290
4290
4290
4288
4288
4287
4287
4285
4284
4282
4282
4282
4280
4279
4278
4277
4277
4275
4275
4273
4271
4271
4268
4267
4267
4264
4264
4264
4263
4257
4257
4256
4255
4253
4252
4250
4248
4248
4247
4245
4245
4241
4241
4241
4240
4240
4239
4239
4237
4236
4234
4234
4234
4232
4231
4230
4230
4230
4229
4229
4226
4224
4224
4223
4222
4221
4219
4218
4218
4216
4215
4214
4213
4211
4209
4209
4208
4207
4207
4205
4204
4204
4204
4204
4202
4201
4201
4199
4199
4198
4198
4198
4198
4198
4195
4193
4192
4189
4189
4188
4188
4187
4186
4185
4185
4184
4183
4182
4181
4181
4181
4180
4180
4178
4177
4176
4174
4172
4172
4171
4171
4168
4167
4166
4166
4166
4165
4165
4162
4162
4160
4160
4160
4159
4159
4158
4158
4157
4157
4154
4152
4152
4149
4148
4147
4147
4146
4146
4144
4143
4141
4140
4138
4138
4138
4137
4137
4137
4136
4136
4135
4135
4132
4132
4131
4131
4130
4130
4130
4129
4128
4128
4127
4127
4126
4126
4123
4123
4122
4121
4121
4121
4120
4118
4118
4117
4116
4114
4114
4113
4112
4110
4110
4109
4108
4106
4105
4104
4103
4103
4101
4099
4099
4097
4093
4091
4091
4091
4089
4088
4087
4083
4083
4081
4080
4080
4076
4076
4075
4074
4074
4072
4072
4071
4071
4068
4067
4066
4062
4062
4061
4059
4059
4058
4057
4057
4057
4055
4052
4052
4050
4050
4050
4048
4046
4046
4046
4044
4043
4041
4041
4041
4041
4041
4041
4038
4038
4036
4036
4036
4035
4035
4034
4033
4033
4033
4032
4031
4030
4030
4029
4028
4027
4026
4025
4025
4025
4025
4024
4024
4024
4023
4019
4016
4015
4015
4015
4014
4013
4013
4012
4011
4011
4010
4009
4008
4005
4004
4004
4003
4002
4001
3999
3998
3997
3994
3994
3994
3993
3993
3992
3991
3988
3988
3988
3985
3983
3982
3981
3979
3978
3978
3977
3977
3975
3974
3972
3972
3971
3970
3969
3968
3967
3965
3964
3963
3962
3961
3959
3956
3956
3956
3956
3955
3955
3954
3953
3953
3949
3947
3946
3944
3942
3942
3940
3940
3939
3938
3938
3938
3935
3934
3933
3932
3932
3932
3931
3929
3927
3926
3926
3925
3923
3922
3920
3920
3919
3919
3919
3918
3918
3917
3917
3914
3913
3913
3913
3911
3911
3909
3908
3906
3903
3902
3902
3901
3899
3898
3898
3898
3898
3898
3897
3897
3895
3895
3895
3894
3893
3892
3892
3891
3891
3890
3889
3887
3887
3885
3884
3884
3884
3883
3882
3882
3882
3881
3881
3881
3880
3879
3878
3878
3878
3876
3874
3873
3872
3872
3871
3870
3870
3866
3865
3864
3863
3861
3860
3860
3859
3859
3859
3857
3857
3856
3856
3854
3853
3852
3851
3851
3850
3848
3847
3846
3844
3844
3841
3841
3840
3840
3837
3836
3836
3835
3831
3831
3829
3828
3827
3827
3825
3824
3822
3820
3820
3819
3819
3818
3817
3816
3816
3814
3812
3812
3809
3809
3809
3808
3808
3807
3806
3804
3802
3802
3799
3798
3795
3795
3794
3794
3792
3792
3792
3790
3787
3786
3785
3784
3784
3784
3783
3782
3781
3779
3779
3779
3776
3775
3773
3769
3768
3768
3768
3768
3766
3765
3765
3762
3761
3761
3759
3756
3756
3755
3753
3752
3752
3749
3749
3748
3748
3747
3747
3747
3746
3746
3744
3744
3744
3744
3743
3742
3742
3740
3738
3738
3738
3737
3736
3735
3735
3734
3733
3732
3731
3731
3729
3729
3727
3726
3726
3724
3724
3724
3723
3723
3720
3716
3716
3714
3714
3713
3713
3712
3712
3710
3710
3709
3708
3708
3703
3700
3698
3694
3694
3693
3693
3692
3691
3691
3690
3689
3688
3686
3686
3684
3682
3682
3682
3682
3681
3681
3677
3677
3677
3677
3675
3675
3674
3672
3671
3670
3668
3668
3665
3664
3660
3659
3659
3659
3657
3657
3657
3655
3655
3654
3654
3654
3652
3652
3648
3648
3647
3646
3646
3645
3645
3643
3642
3640
3640
3639
3639
3638
3637
3637
3637
3637
3636
3636
3635
3634
3634
3633
3633
3633
3632
3632
3631
3631
3631
3631
3630
3629
3629
3627
3622
3621
3620
3618
3614
3614
3614
3613
3611
3610
3609
3609
3605
3605
3600
3599
3598
3597
3596
3592
3590
3590
3590
3589
3589
3588
3588
3588
3586
3585
3583
3582
3582
3580
3580
3579
3578
3578
3576
3575
3573
3573
3571
3567
3567
3565
3564
3563
3562
3561
3560
3560
3559
3559
3557
3557
3556
3554
3554
3554
3553
3553
3552
3552
3548
3547
3544
3543
3542
3542
3540
3539
3538
3535
3534
3532
3532
3531
3531
3530
3529
3529
3529
3526
3526
3526
3526
3525
3525
3524
3522
3522
3519
3517
3515
3514
3514
3514
3512
3510
3510
3509
3506
3504
3504
3500
3498
3497
3494
3494
3494
3494
3493
3493
3492
3491
3488
3487
3486
3486
3483
3481
3478
3478
3477
3477
3476
3476
3476
3473
3470
3470
3468
3467
3466
3466
3466
3464
3463
3462
3460
3460
3459
3459
3457
3456
3456
3455
3454
3453
3452
3451
3445
3444
3443
3442
3441
3441
3439
3438
3435
3435
3435
3434
3434
3430
3429
3429
3429
3429
3427
3426
3424
3423
3422
3422
3418
3418
3418
3418
3415
3415
3414
3414
3414
3413
3412
3412
3411
3410
3409
3408
3407
3406
3406
3406
3406
3405
3404
3404
3402
3400
3400
3399
3399
3397
3397
3396
3396
3395
3390
3390
3390
3388
3387
3387
3383
3383
3383
3383
3381
3380
3379
3378
3378
3375
3372
3372
3371
3369
3368
3367
3366
3365
3360
3360
3359
3359
3359
3358
3356
3354
3354
3353
3352
3350
3350
3348
3348
3347
3347
3346
3343
3343
3339
3338
3337
3336
3336
3335
3334
3333
3330
3330
3329
3327
3326
3324
3321
3321
3319
3318
3317
3316
3316
3315
3314
3314
3312
3312
3311
3306
3305
3304
3304
3304
3302
3301
3301
3300
3300
3299
3298
3298
3297
3294
3294
3294
3292
3291
3287
3287
3287
3287
3283
3282
3281
3280
3280
3279
3277
3277
3277
3272
3272
3272
3272
3271
3270
3270
3269
3269
3269
3269
3268
3265
3262
3259
3258
3258
3256
3255
3254
3254
3254
3253
3251
3250
3250
3249
3248
3247
3247
3244
3244
3242
3242
3241
3241
3238
3238
3237
3237
3237
3236
3234
3231
3230
3230
3228
3228
3226
3226
3223
3222
3222
3221
3219
3219
3218
3215
3214
3213
3213
3212
3211
3210
3210
3209
3208
3207
3207
3206
3206
3205
3204
3203
3201
3200
3199
3199
3198
3197
3197
3197
3196
3194
3192
3190
3189
3186
3183
3183
3181
3180
3180
3179
3178
3175
3174
3172
3170
3169
3168
3168
3168
3167
3165
3165
3163
3162
3160
3158
3154
3154
3153
3152
3150
3150
3149
3147
3146
3146
3146
3144
3143
3142
3142
3141
3141
3134
3134
3133
3133
3132
3132
3131
3130
3130
3127
3125
3124
3123
3122
3119
3118
3117
3117
3117
3117
3117
3115
3115
3114
3113
3113
3112
3111
3109
3108
3108
3105
3104
3104
3101
3101
3101
3101
3100
3100
3097
3097
3096
3096
3096
3096
3095
3094
3093
3092
3091
3091
3090
3090
3089
3089
3088
3088
3083
3082
3082
3079
3078
3077
3077
3077
3076
3075
3075
3073
3073
3072
3071
3071
3068
3067
3066
3063
3063
3061
3060
3058
3058
3056
3054
3052
3050
3049
3046
3046
3046
3045
3045
3045
3044
3043
3038
3034
3033
3031
3030
3028
3028
3028
3028
3027
3027
3025
3024
3024
3023
3021
3021
3019
3016
3016
3016
3016
3015
3015
3014
3014
3014
3013
3012
3012
3011
3008
3007
3007
3007
3007
3006
3004
3003
3003
3002
3002
2998
2998
2997
2997
2995
2995
2994
2991
2990
2987
2987
2984
2982
2981
2980
2978
2977
2976
2975
2974
2973
2973
2971
2970
2969
2968
2966
2966
2963
2963
2960
2958
2958
2957
2956
2956
2955
2954
2954
2953
2953
2952
2951
2949
2948
2947
2947
2946
2943
2941
2941
2937
2936
2936
2935
2933
2932
2931
2931
2929
2928
2927
2925
2925
2924
2924
2922
2922
2919
2918
2918
2917
2917
2916
2915
2913
2913
2913
2912
2912
2912
2912
2911
2909
2908
2908
2906
2905
2903
2903
2902
2902
2901
2899
2899
2899
2899
2898
2897
2896
2895
2895
2895
2895
2892
2892
2890
2890
2889
2887
2883
2883
2882
2879
2877
2877
2877
2875
2873
2872
2867
2866
2865
2863
2862
2862
2862
2860
2860
2859
2858
2857
2854
2853
2851
2848
2847
2847
2845
2845
2845
2843
2843
2842
2842
2837
2836
2835
2833
2833
2832
2830
2829
2829
2828
2828
2828
2825
2825
2825
2821
2819
2817
2816
2814
2813
2813
2812
2811
2811
2810
2809
2807
2807
2806
2805
2804
2803
2802
2802
2801
2801
2801
2798
2798
2798
2796
2794
2793
2792
2792
2790
2790
2788
2788
2784
2783
2783
2783
2782
2782
2780
2780
2779
2778
2778
2776
2774
2771
2768
2767
2762
2761
2761
2759
2759
2759
2758
2758
2757
2756
2756
2755
2753
2752
2751
2751
2749
2748
2748
2747
2747
2747
2746
2746
2745
2745
2742
2741
2741
2740
2739
2737
2737
2737
2736
2735
2733
2731
2730
2728
2726
2726
2725
2721
2721
2718
2717
2716
2716
2715
2715
2714
2713
2712
2711
2711
2709
2709
2708
2706
2705
2703
2702
2702
2701
2700
2698
2698
2696
2696
2695
2695
2694
2693
2692
2692
2692
2690
2690
2689
2689
2688
2688
2687
2680
2679
2679
2678
2678
2677
2677
2677
2677
2675
2673
2673
2672
2670
2669
2669
2668
2668
2667
2665
2664
2663
2663
2662
2661
2661
2658
2657
2656
2656
2656
2654
2654
2652
2651
2651
2651
2651
2650
2649
2649
2649
2645
2644
2644
2643
2641
2640
2638
2636
2635
2634
2634
2634
2634
2633
2633
2632
2630
2630
2627
2627
2626
2624
2621
2621
2620
2620
2619
2618
2618
2616
2616
2616
2615
2614
2614
2614
2612
2612
2611
2610
2609
2607
2607
2605
2605
2603
2603
2602
2602
2600
2599
2599
2597
2595
2594
2594
2593
2591
2591
2587
2586
2585
2584
2584
2582
2582
2579
2578
2578
2578
2578
2577
2573
2572
2570
2570
2569
2568
2568
2566
2563
2563
2562
2560
2560
2559
2559
2558
2556
2555
2553
2553
2550
2550
2549
2547
2544
2544
2544
2543
2542
2541
2540
2538
2537
2537
2537
2536
2535
2534
2534
2533
2533
2532
2532
2530
2529
2529
2529
2528
2528
2524
2523
2522
2521
2520
2519
2518
2517
2517
2516
2516
2516
2515
2515
2515
2514
2510
2510
2509
2508
2508
2508
2505
2504
2504
2502
2501
2501
2500
2500
2499
2499
2499
2498
2497
2496
2495
2494
2493
2492
2491
2490
2488
2486
2486
2486
2483
2482
2481
2478
2476
2475
2473
2473
2470
2470
2470
2468
2467
2466
2465
2465
2462
2462
2461
2459
2457
2455
2454
2452
2450
2450
2450
2447
2440
2440
2440
2439
2438
2438
2436
2436
2433
2430
2429
2428
2426
2421
2420
2419
2419
2417
2415
2415
2412
2411
2410
2410
2408
2407
2406
2403
2402
2401
2397
2392
2391
2391
2390
2390
2388
2387
2387
2387
2386
2382
2381
2381
2378
2375
2374
2374
2374
2372
2370
2370
2370
2369
2367
2366
2366
2365
2365
2364
2363
2362
2362
2361
2360
2359
2359
2359
2359
2358
2357
2356
2356
2356
2355
2355
2355
2355
2354
2354
2352
2352
2350
2350
2348
2347
2346
2343
2343
2343
2343
2342
2341
2340
2336
2335
2335
2335
2333
2332
2332
2330
2330
2329
2328
2327
2326
2325
2325
2324
2324
2324
2321
2320
2318
2315
2314
2314
2313
2313
2313
2312
2310
2309
2308
2308
2307
2306
2306
2305
2303
2302
2302
2301
2301
2301
2300
2300
2299
2298
2298
2296
2295
2295
2293
2292
2292
2291
2290
2290
2289
2286
2285
2284
2284
2283
2278
2278
2277
2274
2272
2272
2271
2271
2270
2268
2267
2266
2266
2263
2262
2258
2256
2254
2252
2251
2250
2249
2247
2246
2246
2245
2243
2242
2240
2239
2235
2234
2234
2233
2233
2232
2230
2229
2228
2228
2228
2227
2227
2227
2227
2224
2223
2223
2223
2220
2220
2220
2219
2217
2217
2215
2215
2212
2211
2211
2211
2211
2210
2209
2209
2207
2206
2204
2201
2201
2200
2198
2196
2196
2196
2196
2195
2194
2192
2192
2186
2186
2186
2185
2184
2182
2182
2181
2180
2180
2180
2180
2179
2178
2177
2172
2172
2172
2171
2170
2170
2170
2170
2168
2168
2168
2164
2164
2164
2163
2162
2161
2161
2160
2157
2157
2156
2156
2156
2155
2155
2152
2151
2151
2149
2149
2148
2148
2148
2147
2146
2145
2144
2143
2143
2143
2142
2142
2142
2141
2140
2138
2137
2137
2135
2131
2130
2129
2129
2129
2128
2127
2121
2119
2117
2117
2116
2116
2116
2115
2112
2112
2110
2107
2106
2106
2105
2104
2104
2103
2102
2101
2099
2098
2098
2096
2096
2092
2089
2088
2088
2088
2087
2087
2085
2085
2085
2085
2085
2084
2080
2080
2079
2079
2077
2076
2076
2075
2075
2074
2074
2074
2073
2070
2068
2068
2067
2067
2067
2066
2066
2065
2064
2063
2062
2061
2061
2060
2059
2057
2057
2057
2057
2056
2056
2056
2054
2052
2052
2051
2051
2050
2049
2049
2048
2048
2048
2048
2045
2045
2044
2040
2039
2038
2038
2037
2036
2036
2035
2034
2033
2032
2032
2031
2029
2024
2024
2023
2023
2022
2021
2021
2020
2019
2018
2017
2017
2015
2015
2014
2014
2013
2011
2010
2009
2008
2008
2006
2003
2003
2002
2002
2001
2000
1999
1999
1996
1995
1994
1993
1993
1993
1993
1992
1990
1989
1989
1989
1988
1988
1988
1987
1985
1985
1984
1984
1984
1984
1982
1980
1980
1978
1978
1978
1977
1976
1975
1975
1973
1973
1971
1971
1970
1969
1968
1968
1967
1967
1966
1966
1965
1964
1964
1964
1962
1960
1957
1954
1953
1952
1951
1950
1950
1949
1947
1947
1946
1945
1944
1943
1943
1943
1941
1939
1938
1938
1936
1935
1934
1933
1933
1932
1931
1931
1931
1930
1926
1923
1922
1922
1920
1919
1919
1918
1913
1912
1911
1910
1910
1909
1907
1907
1907
1904
1904
1903
1903
1903
1901
1901
1900
1900
1899
1899
1899
1898
1898
1896
1895
1894
1893
1892
1892
1892
1891
1891
1890
1889
1889
1888
1888
1887
1885
1884
1884
1883
1883
1882
1882
1878
1876
1876
1875
1874
1874
1873
1872
1872
1871
1871
1869
1867
1865
1863
1862
1861
1860
1859
1858
1858
1857
1853
1853
1852
1852
1852
1852
1851
1847
1847
1845
1844
1844
1844
1843
1843
1840
1836
1835
1834
1834
1832
1832
1830
1829
1829
1828
1827
1827
1826
1825
1825
1825
1825
1824
1824
1824
1823
1823
1823
1823
1820
1819
1817
1816
1815
1814
1814
1812
1811
1810
1810
1809
1808
1808
1807
1805
1805
1804
1804
1804
1803
1803
1802
1801
1801
1800
1799
1795
1795
1794
1793
1792
1791
1790
1789
1788
1787
1786
1785
1785
1784
1784
1784
1781
1781
1779
1778
1778
1777
1776
1774
1774
1772
1770
1768
1766
1765
1765
1764
1764
1763
1763
1762
1762
1761
1759
1758
1758
1758
1757
1754
1753
1751
1751
1750
1750
1750
1750
1749
1748
1745
1745
1742
1742
1742
1741
1740
1739
1738
1737
1737
1736
1736
1736
1734
1734
1733
1732
1732
1731
1731
1731
1729
1728
1726
1726
1723
1722
1722
1722
1721
1720
1720
1719
1718
1716
1713
1711
1711
1710
1708
1707
1707
1707
1705
1704
1704
1703
1703
1701
1700
1699
1699
1698
1697
1697
1697
1697
1697
1696
1696
1695
1693
1692
1691
1691
1690
1688
1688
1687
1687
1687
1686
1685
1684
1683
1682
1681
1681
1678
1677
1676
1674
1673
1673
1671
1671
1671
1671
1671
1668
1668
1666
1666
1665
1662
1661
1661
1661
1659
1657
1655
1654
1654
1652
1651
1650
1648
1647
1646
1646
1645
1645
1644
1644
1644
1643
1643
1642
1640
1639
1638
1638
1638
1638
1637
1636
1635
1632
1632
1632
1629
1628
1626
1626
1623
1623
1622
1621
1620
1620
1619
1615
1614
1608
1606
1606
1605
1605
1603
1603
1603
1601
1601
1600
1600
1600
1599
1599
1596
1594
1594
1593
1591
1590
1590
1589
1589
1589
1587
1587
1587
1586
1586
1586
1586
1584
1583
1581
1580
1580
1579
1577
1577
1576
1576
1574
1574
1574
1573
1572
1570
1568
1566
1566
1565
1565
1564
1564
1563
1563
1562
1561
1561
1560
1560
1560
1559
1558
1558
1556
1555
1555
1553
1550
1547
1546
1544
1544
1544
1544
1543
1542
1541
1541
1541
1539
1537
1536
1535
1534
1531
1531
1531
1531
1530
1530
1530
1530
1527
1527
1527
1525
1524
1523
1522
1522
1521
1520
1520
1520
1519
1519
1518
1518
1518
1514
1514
1513
1513
1512
1512
1512
1511
1511
1510
1509
1508
1508
1507
1506
1504
1504
1503
1501
1500
1500
1499
1498
1497
1497
1495
1495
1494
1494
1491
1490
1490
1489
1489
1488
1487
1484
1482
1482
1481
1480
1480
1478
1478
1476
1476
1476
1476
1473
1471
1470
1469
1469
1467
1467
1466
1466
1466
1463
1462
1459
1459
1454
1450
1450
1450
1449
1449
1448
1448
1447
1445
1443
1443
1442
1442
1442
1441
1441
1439
1439
1437
1436
1434
1434
1434
1434
1432
1430
1429
1427
1426
1426
1426
1426
1425
1424
1423
1423
1423
1420
1419
1419
1419
1416
1416
1415
1415
1415
1414
1414
1412
1410
1409
1409
1408
1408
1408
1407
1406
1406
1403
1402
1402
1401
1401
1400
1400
1399
1399
1398
1396
1396
1396
1395
1395
1394
1394
1394
1393
1391
1391
1390
1390
1390
1389
1386
1384
1383
1383
1383
1382
1382
1381
1381
1378
1377
1376
1375
1374
1374
1373
1373
1372
1370
1370
1369
1369
1368
1367
1367
1366
1365
1362
1361
1360
1358
1358
1357
1355
1354
1354
1354
1354
1348
1347
1347
1346
1345
1344
1338
1335
1334
1334
1334
1334
1333
1333
1333
1331
1329
1328
1327
1327
1326
1325
1322
1321
1321
1320
1319
1319
1318
1316
1315
1315
1314
1314
1313
1311
1310
1308
1308
1307
1306
1305
1305
1303
1303
1301
1297
1296
1296
1295
1294
1294
1293
1292
1292
1291
1289
1287
1285
1284
1284
1281
1280
1280
1279
1278
1276
1276
1275
1275
1274
1274
1274
1273
1270
1266
1265
1264
1262
1260
1258
1256
1254
1253
1252
1248
1248
1247
1246
1246
1242
1241
1241
1240
1240
1239
1238
1237
1236
1236
1235
1235
1230
1229
1227
1226
1226
1225
1225
1222
1220
1220
1219
1219
1218
1218
1218
1217
1216
1214
1213
1213
1212
1211
1210
1210
1210
1208
1207
1207
1205
1204
1201
1200
1198
1197
1197
1196
1196
1195
1195
1194
1194
1192
1192
1191
1191
1190
1185
1180
1178
1178
1178
1175
1174
1173
1173
1172
1171
1169
1169
1169
1168
1168
1167
1166
1166
1163
1162
1161
1159
1158
1158
1158
1156
1156
1156
1155
1154
1154
1153
1152
1151
1146
1144
1143
1142
1141
1138
1137
1137
1137
1137
1137
1135
1135
1135
1134
1133
1133
1132
1130
1130
1129
1127
1126
1125
1124
1122
1122
1121
1121
1121
1120
1120
1119
1117
1117
1114
1114
1113
1111
1110
1110
1109
1109
1104
1103
1101
1101
1101
1100
1100
1100
1099
1099
1098
1097
1094
1094
1093
1092
1092
1091
1091
1091
1089
1088
1088
1086
1082
1082
1081
1079
1078
1076
1075
1074
1073
1072
1072
1071
1071
1070
1069
1069
1068
1067
1066
1066
1065
1063
1063
1063
1062
1062
1059
1059
1059
1058
1058
1056
1055
1055
1055
1055
1054
1054
1052
1051
1051
1046
1046
1046
1045
1044
1044
1043
1041
1040
1039
1038
1038
1037
1036
1036
1036
1036
1034
1034
1034
1033
1032
1031
1030
1029
1027
1027
1026
1026
1026
1024
1024
1024
1023
1022
1022
1022
1022
1021
1020
1016
1016
1015
1014
1011
1010
1009
1009
1009
1008
1007
1007
1007
1005
1005
1005
1003
1003
1001
1001
1000
999
999
999
999
999
997
995
992
990
990
989
989
988
987
987
987
985
985
984
983
983
981
978
978
976
976
976
975
972
971
970
970
970
967
966
965
964
963
961
960
959
959
958
957
956
955
954
953
952
952
951
950
950
949
949
949
947
946
944
944
944
941
941
940
939
938
933
932
932
930
930
929
928
926
926
926
925
922
921
920
919
918
918
918
917
916
915
915
913
913
912
912
911
910
908
907
907
905
904
903
902
897
896
895
895
895
894
894
890
889
886
885
885
884
883
882
882
881
879
878
878
875
874
872
872
870
870
868
865
864
863
863
863
863
862
862
860
857
853
849
847
845
842
842
841
841
841
840
839
835
833
832
832
832
830
828
827
827
826
826
826
824
824
823
818
818
818
816
814
813
812
809
809
807
807
805
801
801
801
800
800
797
795
793
792
790
790
787
783
783
782
781
779
777
774
773
770
770
769
769
766
765
764
761
761
757
756
756
754
754
753
753
751
751
750
749
749
749
745
744
741
740
740
740
739
737
733
733
732
730
729
729
729
726
724
724
723
723
722
721
721
720
719
718
718
718
717
717
717
715
715
714
714
713
713
711
711
710
710
708
707
705
704
704
704
703
701
700
700
699
697
697
696
693
693
691
691
690
686
683
683
682
682
681
680
679
679
679
672
671
670
669
668
667
666
666
665
665
663
662
660
660
659
658
657
657
653
651
650
650
650
649
646
646
646
646
644
644
643
639
637
633
633
632
632
632
632
631
631
631
629
629
629
624
620
620
619
619
618
617
616
615
614
614
614
613
613
612
611
609
608
606
606
606
604
604
603
602
602
599
599
597
597
597
595
594
591
590
590
589
589
589
589
588
587
587
586
585
584
584
584
584
583
583
580
579
578
578
578
577
576
573
572
572
571
571
570
568
568
566
558
557
557
557
556
556
556
555
554
550
550
550
549
548
547
547
546
545
544
541
541
540
540
539
538
536
535
535
535
534
534
533
533
530
529
528
527
526
521
521
519
519
518
517
516
513
512
511
511
510
510
507
507
507
505
504
503
503
502
501
498
497
497
495
494
494
494
493
493
492
492
491
490
488
487
484
484
482
481
480
479
476
476
474
474
473
473
472
469
468
464
463
462
461
461
459
459
458
456
455
454
453
453
453
452
452
448
448
447
446
445
444
442
442
441
438
438
436
434
433
431
431
431
430
430
429
427
427
425
423
423
423
421
420
419
418
415
414
412
411
411
410
406
405
403
402
402
401
399
399
399
398
398
395
395
395
394
393
393
392
390
388
388
387
386
386
385
385
384
384
383
381
380
379
379
376
376
375
375
374
374
374
374
373
372
371
370
370
368
368
368
367
366
366
365
364
360
360
359
359
357
356
355
355
354
351
350
349
348
347
347
347
341
341
338
338
338
336
334
334
332
332
332
332
331
331
330
328
328
328
327
326
324
324
324
324
324
324
324
323
323
323
322
322
322
322
321
321
318
318
318
317
315
313
311
311
310
310
309
309
308
307
307
306
306
306
304
304
299
299
296
295
295
293
292
291
290
290
289
289
289
288
287
286
285
283
282
282
282
282
280
280
280
279
275
274
271
270
268
267
266
264
263
262
262
262
261
260
260
260
257
255
254
254
253
252
251
250
250
249
247
247
246
246
244
242
241
241
241
240
240
238
238
237
236
236
235
234
233
231
230
229
227
225
225
224
220
219
218
216
215
214
213
213
212
211
211
210
208
208
208
207
206
206
206
204
202
202
201
201
201
200
198
198
197
196
193
192
192
191
190
189
188
187
187
186
185
185
183
183
183
182
181
179
179
179
178
177
176
176
176
175
174
174
174
172
171
170
164
164
163
162
161
159
158
157
156
155
152
150
147
147
146
146
146
145
143
143
143
142
141
141
141
140
140
140
139
137
136
135
134
132
131
131
130
127
127
126
125
125
124
124
124
123
123
122
120
119
117
116
116
116
112
111
111
111
109
108
107
107
100
99
99
98
98
97
96
94
92
89
88
85
84
84
83
83
80
79
77
76
76
76
75
74
72
71
67
66
66
66
66
64
61
60
58
58
57
56
56
54
51
51
51
50
48
47
45
43
42
41
39
39
37
35
35
35
33
33
33
32
32
32
30
29
29
27
26
26
25
23
22
21
19
19
18
18
17
17
16
13
11
11
10
8
7
7
6
3
2
2
1
1
