436.993
881.648
4079.486
8596.272
4592.109
8000.454
6536.107
924.765
5123.608
8413.677
3933.596
7332.748
8084.573
6915.541
387.112
6616.234
6056.138
6917.097
2978.772
1820.083
9933.994
8753.723
170.125
6675.381
2990.270
9369.567
7099.394
6460.648
7054.570
2597.701
3857.233
3755.616
3157.888
1754.725
5334.749
2056.349
1483.176
8768.575
3737.540
2720.428
7966.290
6558.284
7359.501
3210.973
7391.089
3884.446
1710.138
7108.236
5322.411
4389.129
1589.158
8857.530
3720.703
4044.002
5202.068
8722.228
7582.034
3725.403
3910.542
5910.598
2447.249
6135.119
3711.299
345.207
5124.017
8785.610
7037.256
6043.664
2465.514
7268.449
5974.689
1579.433
5549.506
5524.702
490.157
5591.474
9101.560
2336.018
7760.955
7811.468
8506.157
5755.174
1202.818
8577.368
9249.441
9694.817
288.647
2302.021
6137.354
9393.162
4752.003
2865.631
2132.922
4975.395
9269.110
1400.788
9156.424
4829.529
7213.132
9438.834
5692.202
3015.457
4574.456
2886.300
8545.863
7425.966
7640.751
4800.177
8595.626
7918.453
530.533
7430.763
2881.549
6136.084
1174.002
6500.836
7876.409
1237.174
6834.892
3189.906
1281.962
8251.504
2767.088
1792.300
2194.352
8282.348
99.758
3517.818
1982.405
2272.955
1544.748
9403.723
722.564
2556.228
6019.998
7806.801
6534.219
8906.365
5782.718
4444.262
7659.174
8311.191
2166.087
5452.206
9629.005
183.957
8513.206
6430.424
2364.059
1233.330
1402.081
2942.279
4547.842
6710.343
3755.358
438.407
5120.554
7251.046
5928.584
4073.007
4235.504
3033.613
3370.728
1381.446
8522.176
9468.645
1950.717
3287.958
7999.681
1141.434
4543.744
1412.156
4484.344
3224.928
4971.084
2143.130
3835.196
2082.144
7887.180
449.874
6881.091
9276.790
5707.744
8896.787
6373.225
5710.840
6172.623
9833.006
9806.789
5107.807
6637.181
1224.312
455.516
8560.477
3685.945
9096.370
1462.866
4361.837
9162.268
2058.042
333.606
9837.962
6207.763
5873.536
3669.524
4401.606
1405.240
8552.119
4493.041
5545.243
1618.920
8924.175
7002.457
1992.310
6625.660
4172.327
6102.594
725.407
1130.944
4286.399
1554.573
7110.201
2263.390
3910.943
9088.486
9833.773
1141.521
4554.108
3322.709
4876.186
9606.557
2626.575
9833.602
5233.985
5714.963
1279.330
6219.353
5614.419
4084.524
6509.007
4501.710
3819.105
9687.676
499.567
9709.359
3035.896
6185.859
7669.045
1986.682
1757.708
2398.631
1390.139
2071.669
547.044
3001.302
1853.360
2486.710
7364.976
2044.831
8041.526
9286.032
5683.322
391.736
9284.327
1703.527
2098.790
661.778
4361.715
9544.719
2667.810
5781.151
8624.879
666.624
9680.828
9728.945
2103.540
3389.246
3094.803
1574.620
4068.338
1182.470
3342.652
6400.245
2017.028
9472.090
4738.406
9201.261
5553.270
6908.731
1196.808
359.496
8126.740
5943.410
8486.127
3782.210
2103.322
53.487
9732.915
1300.893
5134.121
7462.762
3397.473
9423.588
8292.067
3699.452
5438.764
7034.475
8944.836
7835.821
9887.538
5134.471
3832.852
9753.192
4546.404
2216.596
321.119
8276.101
1035.605
1369.856
6293.633
2519.346
903.246
7705.391
1659.115
1291.670
2018.731
7198.634
6936.829
7899.841
1968.147
541.245
6891.224
196.869
7670.350
8096.553
9684.157
8218.114
2932.510
4552.265
4513.444
4249.035
8163.857
4364.193
3206.483
2668.329
8966.375
1584.745
3737.715
9410.215
2821.209
169.931
6138.658
3389.598
5589.514
3358.637
3769.266
4733.887
2046.516
3217.911
5419.370
7165.195
7167.522
3948.019
6208.952
4376.680
7384.635
5041.011
7755.982
2746.780
3532.917
2886.562
580.604
5235.088
9704.764
1918.815
4214.378
3803.615
4731.227
8898.003
2983.369
207.195
5509.036
6420.577
7933.804
7496.783
3892.086
4251.609
7869.058
7079.389
1366.111
9573.197
4966.718
8678.407
8225.329
9742.650
2944.482
3038.083
6469.772
3654.180
8243.627
9715.870
8142.085
297.864
7198.806
4806.432
3322.517
5609.615
4662.933
5941.031
4500.872
1205.929
2055.884
4406.055
6544.156
1097.136
5305.780
6724.445
3978.687
4972.929
5651.606
543.751
9805.398
9153.895
8775.893
2174.585
2567.103
8802.824
236.244
5623.216
886.454
7489.527
7664.424
5462.054
7193.363
2702.920
2701.792
8381.768
4860.622
8404.124
8139.796
768.810
5466.472
8214.335
8234.311
2152.060
5402.886
5331.200
2662.545
6862.381
3548.291
7767.470
7091.276
8748.799
4223.508
5.659
5825.167
6295.085
2149.632
4662.477
4503.913
7980.470
8626.624
256.768
3316.959
228.252
651.351
3674.727
3704.550
2786.048
7193.832
8426.121
4013.862
8881.434
9350.440
2285.281
2078.955
9996.722
3592.794
410.610
5193.308
7606.633
9831.124
2536.355
443.683
6722.610
8510.822
5330.395
874.062
8587.516
3460.954
3511.793
5448.419
2364.481
9713.475
5821.870
3281.064
8163.633
8011.897
4442.534
5103.322
6250.472
228.156
8955.634
7435.278
9779.636
2406.437
8437.077
7431.367
897.805
4652.700
7779.458
8868.528
2559.498
9588.660
6836.958
2245.692
899.510
3588.970
3486.256
4463.348
5505.735
7520.354
4197.210
6051.938
7436.140
6201.452
8207.050
6417.825
7323.618
8302.103
3891.838
75.597
8412.491
900.848
8428.943
9335.440
1870.398
5419.375
4344.285
1414.350
4219.323
4152.670
9038.086
439.913
9229.521
9113.623
5882.901
7315.418
9120.075
7410.833
7987.646
2915.048
2409.849
9878.372
8221.411
2577.899
8262.584
2176.247
1590.774
2369.575
9669.877
80.317
8564.388
80.115
315.808
3180.415
438.578
6426.995
2466.953
3705.418
337.714
4431.958
5731.540
9694.025
5943.087
7440.423
9031.496
4229.988
2544.057
8752.227
631.130
4960.542
7505.220
8332.433
3566.215
616.792
9743.334
4570.979
6317.202
3754.803
307.761
1559.898
1070.329
1436.140
2658.181
4856.868
4410.372
8066.612
3733.318
1203.840
7788.783
7111.976
9404.426
169.492
7610.969
909.332
407.300
8184.268
7286.468
292.980
7346.550
7936.734
6085.753
8253.478
5865.883
8600.024
2147.442
4348.654
5578.162
4857.106
9479.633
9085.315
8848.975
5193.628
1299.145
9990.420
8027.467
2427.095
4552.385
3590.446
2218.192
1941.120
2961.620
17.712
7187.730
5593.506
8440.374
9462.409
4499.820
1766.905
3221.732
2189.073
8472.752
4530.804
7543.270
6336.272
2052.787
7383.593
232.385
218.243
5197.332
9543.457
2035.766
8347.225
1861.634
5256.849
4036.744
2895.257
4182.742
9093.287
6004.299
4814.171
4954.479
2695.233
2017.447
1332.539
1987.188
951.802
3208.769
9048.325
445.986
8065.043
9970.833
4335.992
1761.287
6477.552
8469.256
5286.805
205.339
4130.161
8806.154
1901.097
728.530
8018.462
4677.738
3751.226
4149.206
4516.895
6869.796
6834.001
8290.754
9439.183
5434.814
3831.294
6159.708
3303.825
7894.497
4497.617
4758.609
9773.434
3311.417
5393.398
627.391
7736.643
4573.566
682.711
707.027
1.343
3735.538
8214.208
9619.192
4068.000
7760.105
7604.003
6955.691
2951.796
4503.940
9539.263
671.406
6522.350
1291.221
8021.252
5174.503
6329.774
918.882
9766.571
5207.660
9385.792
2437.251
7485.360
9114.055
8868.703
6549.832
6255.197
7581.878
2220.912
7975.976
4709.456
6461.096
9607.794
9620.192
5258.861
4746.250
8206.632
5891.846
64.998
1319.000
294.388
5019.009
1984.529
6544.201
5603.049
2700.190
2202.859
7313.236
911.300
1937.703
8776.008
6628.363
2341.281
6396.442
2799.429
1321.836
8329.162
7131.778
1422.540
4003.537
3738.310
5030.358
9427.700
7830.867
8083.768
3807.544
3592.395
5194.667
3336.827
905.233
6553.369
3914.893
9278.416
6133.835
9391.466
7039.809
6870.074
402.121
4655.922
4842.450
2611.252
9378.730
4046.860
108.096
9351.688
9429.053
7474.736
306.513
1527.615
5671.268
2715.495
2742.710
5290.546
4495.257
7380.169
1279.962
6497.382
5388.170
7417.691
5728.849
2030.608
9410.376
8869.653
7496.056
2417.307
4165.555
2095.768
7586.696
6215.760
7608.686
188.790
5553.895
9138.369
5535.662
5797.633
489.389
3379.660
98.316
3077.444
7648.896
5118.114
9188.566
3985.380
6805.990
660.578
9035.467
640.837
928.255
4198.000
4858.897
7968.881
6269.448
2641.245
6923.630
3345.638
7471.423
5505.739
1837.559
2464.379
3769.579
313.691
1437.803
3141.063
4895.567
6482.642
4108.452
1278.084
7771.022
3169.093
5873.713
5704.965
7586.045
9035.961
1110.186
1114.765
9356.217
4412.616
5222.034
814.928
8551.869
8816.238
4122.800
3511.344
1893.371
9303.260
7867.603
844.360
1906.182
7619.640
8279.486
4895.492
1329.424
6618.701
2913.643
7383.591
5971.716
8915.311
203.301
4769.217
7108.023
3245.133
3130.978
5985.961
7011.271
6497.710
1268.891
2017.466
3712.484
1892.119
3532.253
9038.917
3583.177
6263.961
6489.206
9341.712
2833.770
1932.426
5571.154
6760.107
1521.766
1116.187
9027.223
5818.550
6163.449
3366.874
6966.626
6318.473
9542.839
8988.866
332.659
7583.290
8811.671
3914.179
7152.091
9080.343
5474.135
4001.164
5903.695
6638.554
3350.133
9225.795
8349.667
5980.529
3110.802
734.284
6673.692
7787.866
4480.050
6225.762
2269.388
1018.416
9695.862
1633.809
6022.910
3694.246
4325.120
9575.543
2433.421
2879.058
4025.684
7537.048
2415.228
8063.807
8349.497
1263.874
2125.286
4679.275
5180.448
1325.374
7659.862
6954.346
1900.756
3321.605
7964.074
1838.738
1879.617
4701.572
798.082
8208.936
7377.866
3661.541
9103.665
8076.073
2462.406
8092.183
7614.935
9014.525
2024.154
5043.294
2056.949
9529.948
5493.249
3674.847
5775.959
1585.525
6345.278
7163.117
1145.045
7005.167
992.269
1530.643
5588.905
6972.410
3152.193
1868.755
4571.516
6343.770
2290.745
8921.441
6390.454
6995.303
7229.121
1499.285
6121.590
6921.117
8511.582
2692.237
8557.937
4302.579
5626.518
349.960
2486.380
8266.990
7674.783
4798.502
1146.053
554.450
8579.046
9262.054
6212.101
4811.683
427.909
958.525
5148.588
2731.564
1048.538
3337.707
4274.290
8757.097
4401.558
2430.756
2385.133
7568.599
4891.970
2779.764
2277.022
1072.833
9189.827
916.148
12.804
4112.851
1654.429
6856.624
4277.133
617.285
1955.782
6585.505
662.961
4407.837
5987.078
992.081
8233.436
1383.735
3661.930
9231.822
8202.925
2301.878
9690.131
6980.167
7080.939
7871.447
5925.681
2547.632
9122.696
381.703
6380.818
6325.000
5430.067
8581.760
8499.826
1527.344
9546.676
5031.036
6786.353
6705.621
1890.878
7639.182
7377.997
2994.595
7870.385
9614.192
4661.905
1565.844
7022.282
4537.483
3525.140
9254.587
3022.179
5784.670
3333.565
2829.097
6906.260
2010.791
2232.986
4871.434
8349.969
2918.748
2866.318
6738.265
2347.085
2029.683
3100.514
6570.504
1132.941
5674.076
7857.007
2820.535
3695.536
9922.281
639.423
6265.764
7718.276
9673.271
5852.305
5977.241
1298.122
6620.342
5504.602
7212.123
4282.864
5312.507
6391.682
1698.704
1571.297
9030.357
6349.596
3282.778
3220.028
9695.113
675.375
4404.080
8700.680
8529.642
2307.077
1371.554
5151.238
6690.165
1857.358
8906.200
1965.275
7587.431
6094.310
6920.250
6562.834
5116.080
5963.308
5001.417
8686.688
4510.972
7743.626
2570.982
3067.744
5049.208
3433.572
5184.448
2803.344
6316.617
8957.885
9943.529
8292.199
2257.430
1291.144
5488.216
9069.712
9725.922
8090.951
4537.672
8387.455
758.746
5934.624
9448.700
2880.517
286.732
5753.156
3760.544
2166.512
3504.875
6556.193
5194.769
5719.962
9619.285
1041.771
8078.967
6865.832
1189.842
9184.579
5663.037
6235.948
787.297
8396.475
5296.802
9532.058
9183.579
1353.028
1937.696
6939.288
1794.060
5079.821
7957.287
4033.730
2590.513
7392.269
9715.368
6527.931
7203.535
9282.708
3870.386
3698.010
9433.161
4348.489
8894.944
7836.178
7886.445
8854.849
9765.131
9572.393
1960.727
8526.293
6292.431
1408.902
8891.371
660.239
8066.962
4311.432
6082.692
2656.681
1480.790
4700.764
5440.844
557.622
6800.075
1688.454
8927.408
3690.013
5754.789
6900.437
7052.437
4005.965
2614.768
1732.279
4525.696
1213.976
4220.838
9379.817
9784.863
7294.920
6939.776
1488.939
7619.432
6496.557
1011.838
1768.252
6609.064
9400.300
5259.624
1408.397
5595.149
2154.009
7627.021
3651.749
5904.311
4464.541
9516.966
7356.264
8542.626
2443.820
4396.797
1897.204
8079.289
4902.174
3639.928
8250.521
7438.483
4182.683
5072.598
3601.613
318.201
5130.295
2194.456
9323.235
454.774
8289.462
4541.717
4666.292
9451.851
5924.032
2161.654
1007.278
7392.581
1953.165
9667.159
3996.100
2953.748
9397.012
7840.135
3448.048
2240.609
1425.909
3252.476
3323.654
8061.191
4606.834
8873.357
6640.186
3858.780
5440.889
1131.619
2658.546
9021.371
3785.535
1401.972
6189.293
4786.822
9255.351
2383.779
1361.568
2462.456
9195.057
2341.168
4698.653
8177.869
9318.554
2673.225
4843.924
889.691
607.722
6783.012
8780.947
2857.052
8564.745
714.159
6891.455
4306.492
3411.693
8523.796
1694.976
6505.091
2331.124
7860.550
7613.850
9960.535
7341.449
3716.378
1607.379
6966.894
4900.814
820.980
7018.874
214.853
5833.249
7647.529
5479.346
1685.143
6670.830
7498.493
4211.579
8543.929
6005.606
4640.273
8578.348
5258.896
1945.046
5955.431
2218.527
3654.792
9264.749
1081.234
9614.843
5127.174
7352.167
6503.285
8437.008
1733.106
2535.098
1572.977
1504.004
5377.559
888.694
6917.531
709.256
6814.267
114.731
8211.354
7752.436
8679.786
1586.897
777.482
9021.672
9279.499
6155.849
2987.848
4469.889
6344.336
9807.778
8931.126
2829.041
2476.940
7770.249
3316.912
8005.986
6506.034
8159.047
4084.971
4003.750
7467.745
8759.794
688.321
8211.934
432.635
3038.083
8518.891
5410.007
5897.174
3971.875
2444.508
7327.246
6958.426
6799.909
4925.965
5103.061
990.686
4279.886
6682.912
4491.461
5042.815
550.159
377.328
6153.417
6675.036
2188.693
283.320
5880.858
4453.926
7563.043
3412.006
2096.061
4824.365
8065.095
60.213
470.182
4577.191
7324.322
4251.768
8004.674
631.297
6993.304
7040.106
1419.355
1348.946
199.272
8140.963
7190.852
6103.029
6255.405
3863.894
3085.201
2315.027
2725.654
1811.370
3528.324
1682.430
3436.827
5314.199
3658.160
9814.356
3531.685
3072.035
9402.173
5994.128
5156.814
1967.705
3424.011
2287.544
9879.003
3524.121
9283.052
3715.611
6423.893
6972.512
8650.587
3710.477
4830.639
4400.747
8926.404
1573.315
616.339
5950.473
1099.497
1152.914
5043.982
5531.836
196.683
2463.720
87.650
24.538
3162.842
462.081
9188.752
7433.955
1516.567
7699.446
7397.011
1971.101
8624.935
71.263
6989.968
6525.159
3941.184
7380.341
7164.763
5497.344
9049.020
2933.398
8895.914
3464.840
2857.324
8889.580
8552.875
7643.574
5788.990
6579.671
6371.108
4618.562
5307.662
3514.758
8370.411
4310.577
7626.107
1303.107
2814.274
6647.912
2939.977
1193.981
4803.995
8911.953
4030.718
6467.167
5101.309
4225.342
581.366
3386.961
1773.288
4151.464
4048.979
4939.341
5753.252
874.011
437.469
4071.112
3911.448
6925.377
814.567
5649.739
5729.249
2932.630
1916.683
8862.642
2170.606
6349.808
1685.404
4274.688
7844.529
6645.304
7079.384
2262.644
52.328
4913.064
4005.374
2045.324
813.368
8376.379
1712.143
3028.196
463.091
2752.990
6491.040
2681.187
3917.056
7950.284
2026.946
7668.448
3194.744
5059.309
6243.367
7448.814
2296.873
5116.374
6985.415
2065.722
3029.984
2600.970
1384.436
8345.332
2872.048
9138.775
6248.021
1221.599
8472.821
5378.487
9319.165
9407.053
882.736
1511.228
3748.309
7128.021
1104.044
9401.286
622.030
6143.067
7057.983
1796.929
6892.114
4763.375
5561.698
6590.048
8548.778
3093.838
5408.695
6593.379
1381.778
6213.597
146.544
7804.053
4173.153
9514.793
1645.608
1622.224
1665.371
2918.258
8052.533
8993.524
7148.607
3184.920
2222.255
6944.098
7010.911
6041.659
9222.272
476.967
2095.024
2340.361
4002.935
5298.468
3205.579
4968.931
2827.496
9343.521
610.440
5733.004
4555.683
3568.479
9879.941
3927.118
374.533
4980.298
8907.756
814.078
3070.240
7370.796
3457.166
6731.282
9434.775
7724.727
1076.461
42.746
1901.016
8770.448
5727.242
9655.587
8000.147
641.898
7969.350
5319.701
8735.067
7120.672
8046.199
2429.401
9463.573
4426.907
1714.241
545.756
9385.054
3027.757
1160.326
7358.384
8224.449
5432.195
5850.698
2305.442
1207.223
5440.888
655.388
6570.583
5919.108
6819.901
1091.743
8675.598
7144.363
1866.987
8030.847
7387.528
8276.291
2839.196
6710.583
6158.967
393.783
1710.563
7399.082
5820.324
2597.615
6228.632
7552.320
4742.788
9700.275
2738.548
7809.601
8190.744
5863.041
8743.485
6670.678
1082.392
5274.086
670.146
1198.270
877.324
3461.343
4808.097
3589.716
9809.795
5333.886
1891.675
5961.523
8186.457
8545.579
8293.224
8190.549
2967.290
3274.737
9296.412
6155.584
8348.486
2013.557
2418.375
223.065
7566.042
5461.061
1249.435
6320.687
7638.798
3113.305
2779.156
4442.649
1269.683
9644.608
3677.467
1930.294
2623.917
673.539
3499.619
1371.893
6202.905
4007.428
5283.720
5465.312
532.599
4959.133
6509.599
3687.324
885.050
6829.835
5887.742
8113.313
7751.925
151.586
3947.063
8231.116
288.712
6783.380
7890.253
7092.754
6448.395
7454.492
3685.450
3647.811
4023.322
3848.819
862.997
8602.193
9314.023
8824.008
7986.018
3646.039
2643.746
859.079
9263.582
6394.511
2437.427
1324.326
5275.185
5885.235
2083.880
5667.229
3275.322
5976.127
6299.927
2108.135
5046.874
6487.360
6215.241
3939.450
2772.085
4431.221
4896.636
4022.097
5889.857
173.615
7530.563
2572.999
4408.133
5870.949
2982.556
1837.310
6640.099
6026.166
5952.387
3739.183
1832.968
2507.664
1443.668
9104.781
658.098
8874.858
5766.659
9551.326
9031.175
1354.133
793.031
5635.892
3231.237
6308.936
681.323
7357.735
6787.266
6547.759
2791.870
5607.870
2101.118
1313.763
7009.913
5659.675
2275.522
7299.795
195.676
6294.256
1115.912
532.539
4980.146
654.330
1774.839
1469.566
4625.295
7420.372
7007.703
8153.019
8167.519
3402.777
6508.573
4763.689
2563.022
1143.792
9294.828
5419.234
1053.902
7622.955
1609.379
5560.287
9473.697
2659.809
3309.221
5768.206
4711.128
8107.628
8209.059
5358.212
2050.797
1431.906
6348.762
5591.671
609.591
9767.363
8653.403
4851.262
8587.533
3047.221
6954.615
622.794
2551.840
7298.489
4842.036
5627.401
7472.938
1697.019
7313.575
7947.891
6731.169
5476.074
9693.259
7492.975
3812.965
3282.161
8785.408
3643.144
9915.213
71.887
1733.891
1421.934
4176.581
9143.570
555.201
6036.325
5754.542
9397.373
2814.119
8130.048
9466.857
417.701
1410.700
4593.509
9216.254
6471.615
8947.337
2274.128
5917.066
3017.011
4644.656
4430.796
9142.569
1814.310
4274.989
2276.243
4211.775
3235.425
6082.169
6451.030
8934.425
6863.732
8156.415
5772.942
6732.938
3978.810
5233.032
3105.517
5360.065
8019.702
5383.697
689.467
2930.991
1620.436
9569.072
9780.741
5488.640
1311.560
9521.496
1938.976
2820.944
3481.451
1926.499
1810.089
1748.796
7691.130
9371.903
3746.762
8603.477
5936.349
1033.244
7110.565
5112.269
8950.690
8564.277
7599.470
4411.032
3143.435
5161.307
4444.508
6402.480
4265.942
8270.094
5819.315
4178.910
6400.298
8904.097
7306.316
5728.131
7363.978
3042.786
763.304
7641.357
4124.276
3078.782
3434.158
41.792
4316.251
9782.586
9647.451
4452.669
2457.930
7753.623
9946.698
8823.501
1956.543
9826.374
4995.999
6433.275
6499.507
8400.329
4104.813
7889.356
6923.935
4162.521
715.637
7940.838
2158.410
5171.391
9698.309
1325.106
5330.773
1770.727
3794.718
4366.345
8635.672
5302.432
9057.641
1544.751
3055.639
1086.871
1627.479
8755.202
1529.417
8639.547
690.633
7474.127
6661.319
4592.853
4963.262
6553.329
6565.335
6291.651
2544.196
859.509
4937.772
6531.435
6480.727
8478.250
3952.146
2407.817
891.047
701.197
1070.099
3746.091
4987.076
1515.192
3362.074
9079.626
4841.427
5812.116
5431.511
9645.842
5242.268
8038.175
9536.308
4368.506
6479.819
5501.403
9001.297
1295.108
3408.242
3056.105
8515.481
3458.075
6626.670
8383.009
7407.796
9628.547
8123.131
9583.871
4495.129
2931.493
6225.107
9309.285
5596.361
2790.900
7200.485
2138.438
7306.166
8173.794
3352.655
4429.580
3122.334
2601.834
9953.486
8359.938
520.351
3899.239
5857.958
4373.835
69.007
4145.788
5144.170
8757.766
180.755
7803.655
9622.499
5561.174
3590.597
8486.815
4557.644
4581.676
4157.232
7341.782
2447.314
9633.500
5080.214
8508.425
2201.303
3817.868
2126.886
9629.612
3564.713
1014.088
7962.824
7878.430
9129.055
5310.090
6179.544
4471.738
8775.002
2591.178
6113.228
3138.789
3890.530
1005.725
2048.217
513.694
1208.197
9526.572
2899.019
8920.448
8605.310
6326.888
964.577
4519.300
7710.744
1189.223
848.560
6283.188
662.138
8666.520
2139.419
3773.008
857.241
1213.831
1943.950
4180.465
43.142
4009.481
5868.135
1607.242
6587.151
5684.439
8538.989
4049.257
2273.054
1678.642
7261.179
6054.742
7466.526
9443.022
4902.152
7524.905
6993.425
7205.983
599.537
1625.913
1574.724
523.085
9384.556
7280.960
2161.846
3328.681
4315.199
4211.160
7016.126
2708.255
7212.926
994.022
3876.170
9110.211
6596.621
9108.242
2056.856
6215.873
3907.570
8433.588
1823.724
7186.431
1619.199
2174.605
886.502
6505.592
9325.339
1676.895
355.532
9136.685
6400.737
4104.735
5004.830
1212.967
2327.604
8448.762
5185.536
8979.889
8281.913
7832.496
233.508
5208.051
6073.221
8586.435
5714.807
4795.629
3031.752
9058.477
9352.819
3778.986
3936.499
3629.430
2980.772
8470.253
3578.091
9902.334
363.387
3940.601
6050.171
9534.377
3231.428
3567.968
9363.049
5680.132
372.888
3868.000
6473.360
2514.867
7124.563
1326.929
6323.497
4806.694
5107.774
455.164
984.551
8006.288
4551.973
4780.334
7496.525
1822.939
4049.991
4998.534
5499.557
2755.677
5088.681
1002.521
4249.912
3548.231
1198.695
7005.616
5114.490
36.560
4067.158
1480.059
8137.595
8357.719
1456.974
6128.565
3773.727
7988.795
4276.537
607.840
3380.134
8584.680
2643.565
2222.786
4562.882
1083.416
3286.839
2310.177
9970.188
6047.867
3129.573
3530.523
626.772
4712.479
6398.184
4786.897
7402.975
703.851
5100.191
2989.456
6712.388
2903.903
5215.015
3384.430
9031.749
2424.361
3441.415
2666.293
1336.860
9161.318
1845.314
1591.908
7048.263
5898.633
251.768
6315.362
9580.432
428.901
8724.824
162.257
8088.239
8660.752
4979.017
62.209
6504.424
4181.229
4066.262
4358.292
9461.840
2241.995
181.886
1212.190
1194.206
8638.115
2933.545
9323.806
6009.134
6448.173
2916.786
5184.063
1427.164
6104.457
3941.002
3579.670
7580.567
6761.981
1749.523
568.584
8965.667
9435.079
1577.598
644.924
7142.427
4870.334
9392.022
2312.098
5475.043
1624.576
4156.149
8782.869
9507.317
2316.716
964.047
3025.136
9066.537
8522.155
7387.543
8872.163
689.623
7278.522
7879.914
2416.008
1465.291
4671.485
3579.958
402.915
7885.982
4469.401
7360.217
4849.395
5803.305
2275.534
6463.081
5597.777
80.748
8166.603
7568.541
5029.945
5037.406
3286.415
1637.326
1658.040
9276.467
8363.317
8373.185
1810.862
992.223
4620.232
2648.054
1134.724
2349.340
46.021
7733.875
127.509
4028.148
6496.922
2684.790
424.678
3529.694
5596.822
3713.490
1055.990
3334.311
3905.098
1905.444
6391.666
7507.452
320.799
2114.775
9996.756
7846.544
1191.893
385.527
1112.467
3162.600
1098.351
9742.064
2983.187
7790.354
9777.805
6692.373
4747.965
7920.656
8162.537
3287.995
1115.195
6848.888
8996.540
2084.355
6539.247
2733.139
1.420
3845.230
3117.812
4955.903
59.857
335.105
3928.690
7683.037
1385.413
7043.175
6024.787
1713.737
3147.407
3182.733
9806.062
8215.278
4519.620
8809.699
3987.178
436.273
7621.583
1404.044
7879.610
1992.196
3321.184
6757.850
5206.948
2816.915
5367.361
1513.760
6172.159
6374.001
821.623
7197.575
6995.553
4221.547
7257.143
8088.735
8642.199
6524.250
9694.184
7772.442
8957.544
9606.512
2740.602
1717.177
4929.987
4140.310
5906.178
5721.353
4299.155
61.572
2559.525
2572.863
8228.634
6808.832
5496.327
1765.266
9261.898
9977.883
4587.656
9614.363
1280.201
7986.218
4477.110
9618.916
681.158
4840.961
2795.542
5409.254
496.793
7604.089
1862.104
1127.527
1669.784
9648.650
9340.376
6583.341
8206.655
3299.756
5818.326
7028.539
5426.686
7954.093
9780.839
9894.875
3025.261
2271.687
2943.583
3338.320
7170.428
1533.698
1416.946
3933.772
8351.410
3759.973
668.808
3363.889
4197.819
680.111
4754.887
6445.832
8988.322
2151.803
2785.411
5339.632
4067.511
5120.180
8096.875
7281.958
5889.727
711.929
8097.618
5689.022
908.589
5557.926
5255.985
6972.374
9030.965
5938.134
2199.815
7911.338
9854.166
5842.513
6396.003
925.843
8405.073
2541.703
2378.895
7093.384
9599.980
5761.214
1996.262
9253.888
3143.884
9052.890
5641.598
46.207
3087.981
4457.381
9941.495
2220.010
8764.116
4051.388
9866.856
1066.815
6314.931
4473.415
5736.673
1313.905
2538.472
3021.797
8083.140
3324.896
5265.995
6418.733
5846.848
5950.684
6991.728
5834.093
5870.798
5874.540
973.334
4262.736
4162.001
5795.093
1521.829
4849.097
1889.403
6290.954
2699.701
1252.782
1586.884
8710.730
2145.984
3648.943
1530.094
8932.181
9247.033
6457.150
8755.860
4334.264
9371.756
6392.548
3692.923
8825.820
8390.045
1933.011
1872.753
3274.653
4193.162
7796.078
689.195
1180.745
4434.825
519.395
1675.689
1937.367
2211.758
3738.422
1268.817
6523.824
3902.427
4255.164
5526.936
2973.600
5882.742
2491.655
6772.633
1461.634
9337.462
3421.974
2627.756
1354.494
4886.042
6576.510
409.778
5067.186
1241.698
6212.252
2358.240
6070.357
4622.411
5242.845
9660.015
891.638
8132.647
9022.157
5742.158
7454.879
2834.520
7575.115
1801.080
4601.018
4727.163
7369.554
36.800
134.352
4353.054
6222.836
2561.027
7237.939
8250.036
7436.979
6447.819
1601.892
3967.804
1756.057
7895.572
4108.321
2867.583
8239.611
969.079
6416.653
7423.762
7645.829
8890.434
9293.108
2246.241
4418.240
8347.493
6028.049
542.213
5869.672
9788.682
5784.987
236.167
9657.233
9172.870
4224.969
6466.830
3142.044
9143.078
1250.108
9679.824
727.506
92.760
8210.002
1034.767
7769.812
4093.418
9414.800
9345.581
2154.492
7152.293
5298.650
6272.754
7132.715
7768.880
7077.293
8986.302
1511.109
2259.029
5243.547
2018.189
5788.842
9815.364
6744.433
2522.943
5335.729
2772.795
8183.684
5665.234
4205.092
47.839
4893.406
9353.145
5675.147
4220.536
8218.619
35.906
8112.647
5227.684
5858.450
3784.825
7252.549
6136.153
2607.703
9376.173
8487.440
8965.032
1342.581
2594.774
5260.482
1025.348
6594.294
3477.046
2155.623
4746.117
5554.306
712.249
3778.822
6455.470
3854.978
9920.677
3024.039
2085.613
5969.345
5027.565
4817.743
270.357
2573.788
4451.444
3935.686
5803.983
9717.347
6325.693
7985.686
8930.180
7141.421
9472.055
9150.187
8429.816
5593.612
9344.849
782.325
8976.285
5479.459
664.635
7449.263
5727.179
1695.809
960.089
9516.542
1621.042
1989.585
1736.821
5867.196
5347.953
8685.690
6491.905
849.388
462.682
6127.804
7292.857
4046.301
8609.181
8675.817
4139.818
3962.057
2325.145
6603.662
3829.689
9217.394
5395.411
9741.275
7540.970
3348.856
1222.925
1204.462
8858.054
1805.260
2186.042
6056.391
6453.719
2235.167
5450.907
2244.486
8148.579
1659.124
3207.660
3656.455
5566.232
6620.421
7799.219
7639.211
1102.870
4908.116
4711.393
1824.437
1430.081
9946.068
8893.071
7604.531
4249.611
1441.745
2375.245
102.707
7518.832
8388.541
3657.600
6980.972
2865.654
3015.362
1831.445
929.754
7411.646
6777.226
907.712
3182.914
722.112
1980.632
2318.789
7901.902
6101.865
5137.436
6062.929
9772.805
7955.457
641.004
3459.985
9660.032
9430.611
5858.372
6987.229
5660.388
7063.609
1232.176
5163.994
9401.298
1645.378
1486.096
2953.895
9926.911
7027.033
6527.566
653.379
15.850
1083.625
3141.500
6735.353
2274.351
5554.833
1068.782
2616.641
4848.546
3981.371
9563.274
9818.018
9099.631
9455.842
3021.088
2485.571
4085.678
6406.790
6775.873
742.140
5193.839
3134.719
6653.873
2837.588
6766.686
4318.800
8382.489
6566.644
1066.447
5213.042
5446.122
2923.084
8420.879
1750.662
6483.018
7458.977
5894.530
3275.404
5816.885
7317.770
4329.151
7118.570
3217.027
4409.948
6096.983
6740.500
1480.740
7700.018
8410.703
7655.249
2931.726
73.576
9533.742
7857.228
8428.271
7753.203
7734.761
1968.542
4974.937
2731.932
5330.002
825.781
531.527
1193.051
2657.293
725.013
7113.058
3384.980
9325.434
9043.736
5774.500
2919.978
2582.729
5458.530
9574.036
5965.426
5148.407
477.156
3108.585
3296.439
7350.681
5503.868
9715.336
678.558
915.204
1156.675
9933.056
5549.267
4247.659
3055.299
7316.906
467.091
1554.243
6798.598
200.530
6297.019
643.792
6350.183
499.150
601.009
6755.294
2550.993
3147.438
9202.318
2254.545
977.569
2265.894
1392.412
4543.697
864.784
2649.494
1749.201
7027.440
9311.779
7672.356
4035.358
479.583
7489.845
7202.163
5145.458
4653.771
8071.012
1618.113
9570.705
2482.093
5596.093
526.127
7349.978
1705.329
4000.930
7265.073
975.960
1278.593
8019.586
2797.760
9225.093
2396.113
7683.255
5080.442
8380.114
6478.898
7633.609
2504.592
3813.919
4969.055
5469.362
2504.690
7403.497
8274.486
5844.776
8925.777
8742.704
3707.735
9538.875
4244.525
622.610
4762.720
9214.117
5237.568
1748.170
6573.103
6083.257
3190.857
2159.979
4896.064
4203.177
2243.777
9329.855
8465.195
1614.406
1961.772
5398.993
7056.305
45.106
2731.250
8527.457
109.852
7398.249
5070.493
3823.746
3253.770
9740.755
6450.336
1823.183
2570.440
2013.333
1718.358
4983.889
8951.544
9179.768
5720.350
5169.084
7384.568
2034.423
9212.781
7584.464
8514.689
4386.679
1660.048
9139.407
2325.806
841.092
7010.226
1700.755
6284.464
6891.999
1043.093
3207.932
2790.408
5551.319
1384.170
2118.128
3277.543
7228.319
3778.523
3150.322
8809.024
2080.077
718.080
4796.875
9510.235
6551.397
1016.221
1571.461
7683.422
8322.931
1423.375
6462.061
1947.700
6386.252
3877.385
1557.802
2248.210
5464.631
4482.395
7318.361
8078.168
6498.263
2809.993
3454.708
4757.549
7412.704
2616.375
6889.913
5112.163
889.256
7569.274
4768.798
6396.875
8356.052
8078.407
2985.154
4806.714
1918.602
7823.180
3195.290
2419.619
8448.539
1071.416
3786.665
3914.580
2549.311
4382.848
2770.342
2908.920
7617.590
8791.122
3066.020
258.464
6719.122
1058.073
3148.401
9164.351
7497.786
5094.011
8523.624
4430.236
7836.602
7137.776
2004.541
5713.634
1489.450
790.307
3253.558
7115.150
5402.234
495.474
561.812
7949.358
2942.251
4561.936
333.425
2041.061
9754.516
1319.747
2243.581
5390.699
1463.789
4505.497
539.191
4552.645
4941.052
6469.706
4450.875
570.140
7353.193
300.233
3185.031
5810.621
9714.644
4455.463
3464.727
3545.188
4159.716
6000.995
88.172
2615.963
6654.392
1043.602
2473.517
2035.091
9366.324
3456.212
2658.735
2859.125
9411.780
5487.643
2725.321
7182.562
3198.295
6350.864
2114.582
6594.258
8081.776
7383.515
7805.246
4940.493
5556.808
4874.446
2821.156
2738.424
2698.920
4150.022
1037.784
3083.675
1077.542
1013.938
8756.329
1395.823
4858.426
9134.312
6014.146
3845.519
2314.264
4471.775
3100.243
1807.006
7462.265
342.347
244.614
2179.772
1047.427
9208.814
950.152
5923.095
2590.269
9794.374
1935.880
9647.235
7717.762
612.304
5160.271
7605.003
7496.217
3505.387
9893.390
3927.486
8984.872
3288.854
5306.615
7447.650
8728.934
2090.601
6548.689
3955.594
3410.826
9482.404
9776.845
3229.186
4378.383
1995.920
4111.765
683.842
5268.753
8117.188
985.111
5985.204
4446.756
7353.405
3848.391
3468.443
6476.435
4465.711
3711.897
1707.966
9344.572
2461.744
8482.472
2081.257
6654.899
441.710
6568.862
8670.614
6511.768
4891.717
7723.385
4346.517
1312.017
5518.127
6588.687
376.396
5163.796
9216.671
6918.324
9402.537
8151.092
8270.079
6939.917
4132.878
9162.711
1367.982
8829.645
6588.442
1504.457
8542.821
7766.805
5251.169
8013.271
3615.529
8537.209
9955.879
4892.067
244.721
154.155
6870.135
5984.027
173.159
1465.725
8405.738
1705.092
4765.225
3217.167
5405.619
9353.416
3429.161
4537.095
1449.870
4014.512
5017.828
4316.280
1624.663
1780.860
801.727
447.757
597.810
9504.711
108.039
2397.018
7344.721
7802.853
2219.427
5071.028
6368.489
6532.069
626.355
4454.828
7757.882
4454.059
8226.676
7984.450
926.959
7308.557
4566.227
5124.930
9380.088
1013.406
8714.201
6122.132
6346.105
9210.332
3867.026
9397.159
3625.353
6875.176
2274.513
552.092
8493.372
4211.326
1582.019
8455.805
6004.978
7545.103
6182.374
6378.607
6542.477
6441.848
9671.329
8644.464
951.776
8761.465
7000.263
5769.550
8110.131
7872.168
7419.911
3555.873
2269.286
8741.177
1808.851
4108.735
17.755
2121.119
480.517
9246.762
9205.993
8550.884
62.465
9273.266
4678.205
6389.685
541.665
2577.690
8154.549
603.060
6069.555
4035.874
2107.481
1519.598
5620.609
2677.898
9975.986
5277.095
2098.171
1592.264
7561.455
176.931
981.308
5535.143
2948.944
5665.391
2106.423
4213.459
4797.585
3160.692
677.391
1710.548
1343.879
444.460
6097.953
5023.143
4961.633
3836.416
9720.132
7178.444
9622.290
4871.011
5102.407
2900.005
1099.389
694.761
6871.413
7291.214
2260.933
9903.047
6780.897
505.083
8293.383
8035.102
8061.696
3869.135
9201.045
9445.962
1656.476
5434.106
9424.607
4774.120
432.990
5415.226
6922.555
5723.627
9969.603
4494.839
6559.235
1379.402
7006.823
455.087
5143.309
2774.491
9158.614
1109.430
7960.341
4928.033
1977.206
4001.745
9143.287
8072.672
1965.188
5841.748
724.615
2290.186
6628.604
7145.497
7713.821
2274.050
5164.820
49.728
9044.085
1437.720
5878.907
9768.756
6731.815
7087.360
8922.286
2662.720
8092.836
877.773
5447.394
6385.892
8358.963
1270.290
6772.111
83.826
3538.725
7211.354
9647.706
5108.076
5865.966
4750.569
6224.044
9217.248
6680.103
816.939
9805.813
9733.125
4081.755
872.068
9993.518
3620.629
5207.534
9659.062
3302.982
4960.347
5467.706
6765.884
7857.126
2782.400
9590.511
1221.910
3243.748
4730.380
1816.860
1846.443
9133.086
4524.120
5089.179
2567.920
8748.880
3690.041
1578.142
4432.588
5786.711
527.823
9391.048
8521.368
5873.351
1782.166
2805.580
6493.677
6160.878
4988.361
5872.716
7976.963
9149.309
1960.457
1732.522
6520.673
9331.495
6390.744
2486.588
8333.444
3754.040
1029.322
6970.858
522.237
87.973
2412.490
6272.593
8052.174
8302.944
3608.723
9335.234
1145.829
4538.689
7950.965
3494.901
7340.727
8267.498
9224.015
7292.277
4923.791
6341.462
6275.727
5403.646
6961.492
18.228
2520.795
8034.808
7644.452
3559.018
3305.868
9621.643
5165.256
5492.674
6604.740
4181.063
7848.211
6139.457
5012.365
7156.105
2749.808
7488.366
9506.457
6098.912
8448.640
4021.725
7945.413
5035.363
6243.524
5580.783
3771.320
9855.080
6478.572
5866.081
2886.779
4570.587
9213.967
2666.331
9174.320
789.358
961.195
8409.566
1627.138
5242.501
1701.477
2130.305
8559.906
2713.833
8906.151
6446.474
6868.421
4213.103
7777.766
5639.861
6806.826
2737.097
9430.622
3433.817
5251.158
1462.386
1229.514
1561.985
2917.976
1713.470
6005.430
2721.794
3506.821
550.053
9366.957
4006.460
5235.242
317.219
6826.128
9409.264
7735.167
5002.239
4957.487
2493.836
9779.340
741.776
3309.094
2824.211
5806.586
323.227
6284.242
2248.397
1714.665
4023.957
6712.624
9629.213
2889.439
1632.170
5329.702
5116.134
9939.131
2993.179
2883.029
7551.912
102.404
6924.807
4084.280
1107.707
4799.019
845.683
5125.725
9740.483
6291.823
5960.182
8979.917
566.422
8928.815
5343.748
5201.327
9744.101
2934.039
4772.365
3448.679
6961.191
1216.057
8639.913
2446.746
7118.411
2162.747
5807.167
8606.345
304.508
3891.181
2726.192
1021.281
3655.996
7921.333
3683.863
2061.004
1195.414
2742.360
508.298
5277.710
241.848
240.219
6581.908
4846.649
5487.467
455.351
2504.858
3258.387
4333.832
2639.207
3252.656
6481.770
9581.709
3078.337
9171.634
8316.338
8068.160
2654.822
5656.078
8152.948
6344.638
9611.772
8850.739
8861.347
6989.857
5492.659
7222.486
4023.448
1651.173
4723.225
1344.857
6231.057
9408.230
804.721
6739.242
666.813
1552.626
4587.221
7116.463
687.062
6377.337
2591.767
7862.488
4625.459
69.668
5850.089
2112.041
5535.998
2301.457
2230.655
4253.855
8094.267
7610.302
7719.801
8211.303
9375.640
6165.554
4626.686
342.187
2729.179
12.825
7180.822
9301.405
6465.993
3390.754
7490.944
7710.261
1580.789
8213.802
7333.946
2976.170
5225.389
8314.804
3742.648
7106.500
9152.938
8541.036
8861.146
7860.304
4851.577
7297.550
7036.486
6081.697
9586.309
3631.529
4615.415
6558.617
67.822
2451.399
414.965
2250.732
2967.018
3974.461
7335.610
4230.238
3993.991
5996.791
8085.754
2179.290
9760.210
79.151
486.297
2787.837
9142.654
5242.667
324.027
5895.581
3368.652
5268.028
2222.592
721.843
6540.175
8191.938
1499.804
7027.057
816.328
9094.600
2480.009
8549.663
2972.804
9771.952
1230.300
8562.134
1557.031
1386.425
3189.298
9889.899
6357.775
8689.966
8657.266
4236.906
4407.955
6913.076
1616.296
8161.570
9239.395
4913.613
9849.331
5546.869
2608.294
679.111
6826.762
8908.327
410.140
7776.368
8329.350
4383.636
7002.832
3842.043
9276.230
7747.673
4656.750
4708.024
8726.744
1296.656
7350.537
255.308
3524.846
3945.185
631.321
590.152
3554.844
9379.935
1758.155
3636.232
4077.214
9613.728
6847.399
7736.576
3113.239
3783.754
4238.807
5359.003
4347.240
4537.676
5801.073
6498.839
8515.115
6851.384
395.575
2872.638
8747.975
6622.131
6217.071
6496.675
7839.598
8880.812
1230.104
8743.951
7906.462
7967.140
3419.853
8473.470
5409.105
4511.453
5076.192
325.523
7003.572
6566.918
7829.703
6776.742
4191.679
4735.873
7658.384
48.670
7238.858
3634.061
1583.823
2463.599
1328.338
4536.504
275.564
6341.414
420.391
6548.767
3282.430
7031.215
6785.417
6147.366
6109.552
5171.446
6679.605
7433.059
859.846
6772.295
5131.913
7940.787
4658.697
2214.103
5311.144
7349.997
2580.594
7755.547
441.828
8939.115
4296.469
5645.330
8737.703
6127.900
6160.489
1431.145
4321.510
8951.445
2955.054
9559.650
9599.873
7809.566
6012.738
861.205
7062.003
4335.332
6933.947
8013.136
970.984
1726.487
8619.024
7575.250
1916.384
9383.512
7833.549
9691.377
9696.948
9198.073
6025.609
9050.676
2502.113
3335.620
7613.755
3202.447
2861.106
5855.865
7464.422
6818.226
3328.371
3014.910
1777.551
2994.875
7374.068
9592.759
9099.157
5192.457
3448.408
1089.973
679.610
5900.611
2688.558
4137.219
1896.362
627.206
3236.883
9961.455
8959.880
8302.999
6639.258
8252.503
7621.535
1696.064
4292.213
1273.775
3102.185
3929.741
4407.653
560.875
2960.221
9697.839
2463.911
1051.850
7117.812
2270.869
611.873
9992.828
1764.100
9887.029
4004.935
462.803
6354.107
7621.714
4521.536
1861.300
5422.084
3329.289
4849.025
2202.691
9428.072
8750.873
8397.595
9560.895
1356.410
9381.898
3013.055
2508.220
8284.953
9193.177
8957.178
1892.100
9643.735
8799.234
4124.371
8793.465
6381.841
8167.662
1963.434
6010.506
7761.229
7463.234
73.136
2911.585
4996.257
2120.537
9940.378
6001.024
3457.665
738.870
789.675
41.547
7659.753
6893.153
3012.730
7077.105
5749.521
8454.613
9146.817
3199.843
2716.503
514.972
2870.764
5404.960
4042.065
507.907
8987.241
3377.207
4006.895
6621.531
9860.148
3552.776
5375.455
3095.631
6275.816
5300.333
9676.129
8497.421
3196.791
1564.937
9795.830
5569.572
3376.949
8818.600
9107.807
3744.245
4306.684
3661.242
3851.404
7916.895
6456.927
5915.783
7982.527
9573.592
3290.745
561.125
2213.559
8865.607
6011.260
3346.777
1461.480
8725.008
8514.661
7432.870
7422.942
4615.030
517.026
899.312
5495.041
6008.958
9323.736
7467.834
7760.554
8191.269
3210.212
5280.675
6256.362
5474.801
1882.730
1079.663
3243.847
9427.678
1988.063
9629.428
7699.969
8203.756
8140.705
728.514
9747.818
5570.332
2436.420
8652.126
7245.352
726.870
7920.870
1370.270
1251.100
2508.494
3982.069
9385.034
9585.562
4067.990
4135.421
6530.758
207.060
6630.084
9170.079
7580.849
8620.801
3411.727
1125.388
4.975
6039.887
7302.149
6066.151
9720.418
7517.022
8396.429
6125.479
3181.298
1765.690
9976.330
3783.960
649.455
6889.516
4032.148
3853.920
7990.708
8738.593
9919.331
1137.497
6840.263
1111.509
2243.608
4227.304
5481.007
9521.824
6568.390
8418.415
5278.447
2747.755
4038.176
3200.430
16.036
8883.810
8511.743
2298.371
7974.640
5113.130
2298.829
6731.150
9099.897
2919.276
9094.099
3856.371
2101.216
2956.228
5202.120
7870.210
8826.168
6295.332
2647.103
9731.115
5754.013
1267.951
261.156
6976.096
4952.123
7622.569
1344.809
6398.336
9339.046
2215.103
8993.554
5054.878
9597.953
2951.155
2684.145
7573.149
2584.234
198.986
2214.421
225.052
3570.980
7391.926
7590.387
4737.393
7176.110
5038.995
5954.317
7307.384
4314.881
4862.480
9147.620
791.973
5021.547
3281.206
8002.223
539.755
9483.903
5958.272
1954.215
6834.206
2134.472
7631.977
5073.514
9417.003
6142.083
3948.708
2103.292
2060.164
8147.588
4516.534
602.924
7655.770
5587.468
8898.238
7788.192
6792.016
1449.088
9762.572
3162.516
5284.340
3801.331
9912.448
532.943
8630.376
9944.380
2408.844
5504.652
3857.490
7522.391
5509.156
7047.731
1731.642
7442.802
6638.757
4229.960
4796.327
5946.035
2114.507
1709.369
9210.343
5669.340
1838.966
80.303
853.137
8048.530
684.062
9666.762
8666.481
1901.350
782.964
8856.748
701.224
5536.248
1448.898
571.382
837.875
2230.275
5939.681
2962.536
6649.760
1419.882
6786.696
2932.730
1377.508
448.361
3907.075
3571.047
5483.621
4213.664
2217.838
9098.810
5755.863
2560.380
7970.726
3418.776
2428.237
7759.586
5526.499
861.596
7288.277
6920.349
8787.428
223.292
8239.433
6676.617
4006.744
5687.497
8287.274
9993.245
3193.787
726.214
9418.273
7434.921
9833.617
3572.835
4339.919
7741.725
1139.812
5361.180
1550.906
5055.080
3559.238
4524.303
1710.154
2637.847
747.507
3546.809
5773.404
5432.307
5733.897
6664.440
7866.144
6299.786
1494.470
9604.676
8361.612
3285.668
6652.146
4962.101
5132.625
7753.554
5522.480
9302.281
3445.990
5732.303
4223.892
587.919
7468.241
7319.721
7071.098
7021.012
8851.454
1486.638
9970.495
894.781
367.891
6125.128
36.254
3549.119
5062.222
5684.611
3145.857
23.294
3890.074
1239.611
3653.845
4499.682
7311.660
332.886
2982.517
132.251
8809.231
6437.717
6308.328
9353.577
797.119
383.073
9062.748
3254.105
5893.089
8585.425
7466.314
1127.447
9019.787
5430.948
9814.646
3775.432
8305.004
9651.862
7735.158
6666.673
5249.526
7040.670
9133.227
1542.406
7131.307
4346.025
7046.559
7563.336
7114.721
1694.001
1126.519
5591.261
33.645
3378.496
965.150
1699.193
4317.118
9364.525
2986.658
8503.766
3026.328
2348.163
5122.091
5413.641
9471.675
7716.865
5985.977
1387.690
5378.669
6253.939
7773.664
6296.688
2071.399
1930.903
4598.107
9482.272
7642.331
9631.481
484.869
6606.920
5577.192
150.997
3744.064
8388.689
2803.669
2314.905
6938.014
7314.473
7632.698
4560.206
4163.347
925.525
561.074
823.511
9866.309
2768.997
3404.141
8079.498
5910.027
4609.241
4727.315
5373.497
6112.465
5992.630
2045.175
6691.979
9973.848
9759.642
3756.889
2514.678
9812.280
4597.962
6286.721
7392.106
8026.315
8230.347
4398.357
3392.208
3703.238
7331.007
5151.816
1759.908
291.789
2764.256
8471.691
7633.296
8558.101
1239.170
9795.457
5160.203
1543.582
6974.021
2770.620
2858.924
743.504
9464.217
2469.438
1566.819
5225.049
5947.514
2089.970
9820.569
7903.547
9660.242
8612.203
4011.811
5695.683
7478.295
5378.010
3161.919
2768.390
3036.638
2063.683
659.679
8602.210
3921.081
5013.795
7805.593
5087.846
4026.064
3405.142
6506.589
9374.679
4672.215
9209.510
964.859
1689.975
577.415
1424.022
704.593
9847.558
9275.135
7537.814
9780.354
4664.678
5073.788
7703.785
9510.843
3005.831
1150.843
9584.182
4581.801
7672.290
5875.457
4338.756
4861.811
5856.083
1953.373
6724.251
7774.729
377.176
9487.833
4773.969
8572.513
422.605
6550.258
7026.164
8352.192
1006.321
3354.440
7770.011
2160.721
2868.477
8628.004
3277.911
2031.485
7032.927
9274.881
4492.863
2296.185
741.670
6922.553
4139.675
7015.868
3985.005
7447.806
8728.745
1874.851
8346.134
2074.755
8421.175
5381.280
2378.970
1138.882
223.960
6718.082
237.897
4110.837
2484.010
88.059
2778.235
1973.761
1149.740
7896.872
2846.154
547.868
769.002
7617.663
8976.800
5856.049
5692.084
9681.070
4219.363
5124.234
9448.542
6234.384
9307.854
9510.277
2766.609
3113.594
1896.337
7155.101
3203.931
9872.072
6077.361
7649.864
1858.386
5209.654
8902.343
1512.886
5127.724
7645.851
3122.660
770.092
1986.791
3780.967
7870.189
9232.726
9751.077
8988.838
1496.054
3566.072
3795.345
7884.980
3286.321
8742.948
9196.086
4413.862
3273.405
3975.711
4766.556
3899.083
1861.917
7720.533
2453.135
1900.182
3487.729
2847.685
7561.768
7219.835
1028.980
5571.591
7783.236
8905.206
187.791
4234.402
1486.000
9587.175
5561.432
6536.826
8245.376
1.213
2621.694
6309.979
7077.791
2033.647
2321.208
3422.004
348.860
137.066
7545.476
2913.201
3824.047
3458.615
3129.348
1953.425
5830.652
3524.934
3656.705
5715.498
999.878
4827.484
5762.095
5758.389
6557.723
8152.013
4153.070
7013.908
1633.450
8995.917
3071.982
1970.665
2554.390
5917.238
7415.976
3149.049
9595.820
6159.054
233.934
7460.964
3154.666
8393.009
5819.136
8548.088
9815.789
4925.734
116.355
5692.399
1279.597
8211.907
2662.170
392.707
1619.738
9017.708
6777.224
4200.963
839.611
6078.409
7229.191
3912.075
5196.474
9593.862
7085.190
2700.993
7261.859
3405.614
7972.405
8300.812
1187.078
3199.434
465.663
1815.637
1142.557
576.956
3820.704
3261.964
3399.742
5340.235
6771.912
2432.329
5024.336
832.925
3613.254
6174.968
4649.618
9681.864
2281.155
5683.251
3298.580
9782.785
3658.097
9888.620
5723.658
2873.929
3815.653
3550.806
5232.772
541.294
3415.739
1139.047
7470.461
4999.268
988.806
98.085
1122.836
4490.420
9307.746
9592.671
6015.115
5648.162
6576.245
3324.337
1570.484
7666.065
6650.338
7514.184
1099.040
5617.559
5011.926
7645.437
9885.557
2769.778
9712.981
59.512
7544.834
4235.291
9009.223
6999.353
7613.370
6805.476
9901.982
6193.783
9846.116
2309.290
4307.026
8576.618
3187.055
4341.165
2069.083
234.301
9882.366
701.812
2540.827
7175.798
3704.906
6395.654
8945.054
4018.510
7758.776
4528.652
2238.822
183.957
9832.720
4950.277
3698.287
9696.965
5771.088
2983.365
7942.999
3182.132
3831.144
3085.614
618.391
3151.300
5495.439
4786.481
7455.234
6175.797
708.018
743.204
3924.782
8037.195
8003.206
9259.728
7208.384
450.332
2495.717
6112.266
4700.282
452.350
7200.848
3025.250
5762.382
6051.496
5653.496
2641.422
5949.709
4229.448
6294.753
2329.822
5425.330
9890.891
1594.833
1675.408
5783.471
6854.126
7381.077
994.074
1999.592
4476.431
339.776
716.800
8726.162
6007.945
4160.591
3986.706
2652.889
7267.815
7292.282
7312.729
5150.153
6736.358
7778.526
6623.709
1914.392
656.991
3142.563
8566.600
8834.189
9241.676
5789.412
9392.582
5795.816
2573.628
6894.429
6274.809
2646.978
7301.042
4246.926
8401.551
4037.513
7715.582
2017.634
7688.469
2355.791
7309.394
2918.733
1453.790
479.568
9404.368
5725.217
1900.119
8560.048
7947.438
3626.333
9746.637
1557.890
2065.626
1375.848
1855.450
6749.921
474.617
1709.901
5195.814
2925.306
4334.591
4001.170
1990.019
5489.919
9647.075
618.133
3384.645
4197.659
2786.561
8958.142
1490.973
2727.487
5260.632
9623.089
2138.276
1824.895
6292.366
3706.387
3183.762
226.598
4318.746
4660.039
5722.893
87.162
998.838
2710.531
8043.861
6126.348
3825.488
2292.302
4669.940
215.901
5934.278
5467.548
5333.489
5624.548
4203.507
6801.094
1225.339
7639.942
9238.927
7659.105
8363.326
9786.318
3337.001
400.369
423.709
7356.595
5020.430
5428.907
5879.233
2477.683
1239.684
6576.667
6787.583
7427.746
834.311
2785.037
9073.971
5424.164
5347.754
6553.950
6651.628
600.950
5789.438
2127.302
4223.919
1394.372
6437.866
8883.456
6111.864
4055.524
9278.491
7899.575
950.791
5508.604
5170.094
2158.532
4599.882
7273.642
333.434
3367.143
6108.360
4672.435
9255.908
854.487
4082.064
8036.429
7605.982
519.046
3294.170
5135.311
1251.134
4293.429
3883.798
6545.052
9973.067
3095.423
7986.261
8174.146
6973.931
8734.115
1138.703
7666.817
7767.314
2739.855
8304.883
3901.912
4547.753
2586.786
6862.842
1306.261
4632.501
8276.709
1399.218
3201.234
4069.321
4753.021
7653.944
901.248
4.035
8113.484
5459.096
7782.985
7901.594
6090.573
3015.622
44.057
2214.415
5768.151
7351.717
8369.878
1591.732
4003.217
8306.589
7227.483
2223.707
8521.496
5883.365
1005.061
5414.068
155.591
3314.884
8715.927
7975.005
9194.471
686.134
1485.711
6538.079
1313.041
6457.081
9541.490
9374.907
1050.530
6729.638
7921.626
1821.350
3306.466
4602.517
2625.065
3898.980
5822.976
4457.736
1418.821
1227.547
8122.160
8522.504
6022.435
2822.229
4867.303
5550.251
4888.119
1869.382
4116.655
3964.551
8295.364
8074.567
3438.545
4309.683
9978.747
2676.585
9356.569
8351.582
2007.692
9721.282
8093.611
4672.933
2136.930
9688.870
8083.442
3106.155
5346.425
4068.508
7218.638
2848.022
3789.483
1973.907
303.590
1599.680
1867.834
2393.692
4681.328
5575.804
5652.405
8170.287
4502.938
2726.639
8368.547
301.061
6608.294
4016.692
6164.474
3655.493
3486.874
103.804
881.641
7702.097
1287.406
3262.372
9045.840
8338.870
3345.085
6894.455
8797.736
9420.999
2195.129
7472.524
8981.619
5079.590
5541.402
6257.600
7111.093
6425.155
4148.874
636.538
5430.486
8729.624
2128.649
7422.194
6790.700
7680.611
2584.336
2960.237
4558.270
5801.709
4088.480
7386.355
3276.374
2632.538
5957.840
2877.592
9296.548
4762.317
2796.228
8241.587
3099.850
4310.701
1273.687
4687.443
7526.234
6949.626
4610.744
121.996
8630.873
3059.931
2736.492
1815.217
8386.182
8116.485
8589.246
9778.509
948.299
895.589
3528.534
5699.644
6706.769
598.385
7327.158
4778.092
836.180
6484.038
712.094
304.483
5568.498
6106.428
922.956
3327.972
7904.864
748.111
3256.804
2255.232
6985.586
9145.294
4068.013
9724.851
7837.087
3097.578
3191.987
6600.854
714.560
1056.212
6261.439
5429.130
7759.066
8284.618
9884.004
8200.490
1187.850
4684.927
5149.929
5764.123
9736.593
3884.285
7438.593
8735.183
2572.384
9674.670
2992.603
2240.278
2396.129
8399.978
5228.218
9344.591
1953.179
8384.124
6250.854
504.397
670.897
9993.908
1544.410
8888.713
641.939
2430.397
8303.186
3913.851
3671.979
5842.572
375.111
7834.600
3610.644
9856.989
5285.064
2735.804
684.403
2117.213
1307.016
7768.080
7050.148
2926.759
5053.753
8971.426
5288.244
4589.299
2552.922
6530.472
4053.770
6539.894
9278.164
6805.116
7604.716
9860.981
7104.066
8980.308
8425.887
7276.882
8653.697
8678.719
4667.260
7220.573
2007.471
3380.051
6615.533
3066.475
1242.085
6990.744
8917.645
1123.009
768.291
3407.814
7774.985
3478.662
3936.239
1420.586
4827.060
4295.323
8877.154
5794.075
1943.364
642.634
7050.089
1877.741
3642.204
1467.108
2462.505
3583.403
6355.223
789.758
2033.430
7076.027
6256.384
3725.994
67.948
5021.169
9874.146
6421.539
2311.764
8732.800
4205.607
3498.107
7554.596
8065.272
5551.337
9102.596
7251.146
1393.178
8789.674
153.547
6128.406
522.852
1309.217
2878.624
9248.027
7879.255
8318.274
6236.850
3492.531
5812.010
8750.015
8319.367
3944.095
364.320
3482.076
4322.459
8124.659
4348.530
89.366
7186.586
3566.122
7072.079
848.826
4495.194
6679.357
557.594
3214.899
7727.028
3390.808
4600.872
4484.438
2455.720
4515.417
5510.503
4869.836
590.392
1334.623
5872.889
5699.089
8251.016
9348.197
5186.394
1961.582
5372.301
668.650
3708.394
918.312
5629.840
8026.968
4358.960
995.322
7782.270
5858.431
24.939
7679.090
2023.205
6437.253
6108.169
5632.612
7436.675
1528.809
661.587
8750.951
9149.841
2528.177
6956.981
2374.975
6276.718
4553.774
5828.127
4382.060
4246.667
2464.806
7633.069
4372.491
7611.402
9271.304
6179.293
2670.314
1924.261
9905.490
9455.536
3357.396
5785.496
5823.211
4513.987
8059.434
6647.325
8404.212
6346.635
9702.672
6472.503
1619.982
3099.494
7960.062
5840.156
6937.928
2468.486
605.641
7592.631
5930.627
6620.700
7495.850
3617.114
8558.909
5484.798
6396.561
855.761
7597.517
754.313
2374.558
5138.094
2172.091
5447.583
4972.218
3929.416
5876.235
6368.081
9884.147
1588.989
7437.411
9308.880
4354.520
3231.729
4400.412
9345.012
8013.871
5787.163
2797.158
1057.469
3374.090
7349.411
8271.577
6032.591
2700.370
8411.918
6628.311
7480.594
478.861
1080.721
4273.998
4316.997
3198.769
4859.964
1519.886
9550.678
667.670
103.437
4214.524
322.328
5578.766
2725.885
1675.279
9437.044
548.851
6267.820
1387.433
734.812
4345.727
9907.612
3439.609
3142.632
1523.827
3514.586
164.272
752.032
2186.784
3336.889
8952.063
8765.722
1095.709
4417.873
8708.704
7657.142
7841.921
8334.741
2923.240
386.647
2302.882
7353.212
4816.349
18.085
2100.077
8591.946
2537.492
7579.514
1277.607
4290.493
4879.628
2511.813
1920.231
6774.500
480.270
548.926
2929.609
9211.936
5977.608
6373.506
2677.502
5754.087
1090.469
891.695
4754.672
7155.059
1090.847
5470.791
8534.239
463.551
9637.768
7983.565
8768.235
3880.645
7441.232
8002.959
936.118
377.359
4724.978
990.930
1563.983
6165.715
7956.832
3825.185
5233.231
2617.075
3815.382
6507.551
2497.441
2721.491
5861.732
7397.746
5426.187
5681.824
1885.081
1816.277
9994.570
5736.371
2390.883
6360.241
7037.197
3803.765
3200.336
3775.761
5985.360
3043.891
7629.945
5730.809
8106.175
1928.559
6219.916
3332.181
8462.421
915.702
4480.128
7730.348
8311.828
1320.834
1622.435
5655.960
2164.579
7479.530
5748.039
7231.733
6217.751
5794.659
3458.701
5903.481
7385.471
6762.150
4360.523
2834.036
4643.520
8569.008
3429.059
603.808
6907.138
3357.355
6704.509
3561.742
4160.787
9748.232
8285.733
4670.405
1058.614
7718.921
9091.851
1188.973
4714.371
4427.527
360.169
4037.853
899.529
2078.581
7349.177
8188.701
5368.356
1423.403
1215.384
3923.572
9528.694
6988.988
9532.725
1306.970
2177.183
2629.151
8423.302
2714.534
1517.699
8491.689
1768.195
762.115
4181.739
2995.313
5467.106
1478.990
469.507
5910.089
7215.585
5068.978
7530.459
1135.151
4768.575
9103.182
4702.047
267.425
8159.042
1488.131
7725.415
555.117
3840.430
3053.062
1056.806
3329.728
1221.699
2100.089
9993.409
1510.318
4563.681
5761.015
6832.425
7273.799
5705.525
5504.535
7782.070
3484.988
5589.964
6637.576
9843.293
4980.173
5056.163
4144.534
9380.943
8297.955
7868.892
9708.147
6603.138
951.090
1452.779
7255.755
2667.589
3833.112
3300.394
6874.715
8633.626
2853.461
3522.903
9440.688
7978.675
8394.882
6512.060
6802.577
6897.946
3686.839
7182.270
4867.860
9106.065
5688.692
9761.484
9432.051
4359.414
4576.390
9599.670
7096.062
2417.922
426.435
963.611
6115.199
6665.060
8190.856
6286.787
4523.558
4104.791
4556.947
4843.077
5377.546
954.222
2785.528
1313.046
1462.311
5550.704
4121.466
7211.554
4304.796
2792.144
6870.214
645.452
4837.198
6829.264
6734.111
2370.094
5554.554
1228.565
4502.206
8613.439
6510.230
8324.744
9687.341
3636.473
9993.041
1981.316
1204.252
7498.712
1229.770
478.183
8682.433
6997.533
4956.818
8744.913
507.522
250.087
204.753
1658.470
7184.943
7886.530
8139.498
2624.148
1119.576
6323.342
303.905
4158.451
6405.180
1085.472
7103.473
9692.688
4717.338
646.055
8879.958
8316.011
5903.671
3752.467
4416.623
6676.664
4365.058
5707.449
4218.874
4760.176
4821.632
1574.065
8414.044
4763.267
3557.284
6773.236
1614.060
4782.200
3736.437
8042.602
9584.760
1534.341
5886.832
225.463
5065.589
8831.665
7142.085
6858.545
2583.447
1024.977
5337.753
5027.351
4604.417
3137.572
6554.671
7457.833
3867.146
1907.109
7203.302
7313.145
9241.603
4454.433
4242.853
3664.224
4956.988
3798.102
9628.906
8102.951
5542.527
2933.367
7583.319
5466.635
1324.908
1694.352
5780.135
4142.584
1826.108
3118.193
4041.262
3921.491
6905.365
8529.876
6635.668
1868.412
7989.027
3066.526
6775.841
9180.062
4232.062
5859.907
4405.264
4497.197
954.939
1595.866
870.657
1640.814
199.664
2669.487
6572.730
2240.941
5748.697
3654.695
189.214
6226.746
7450.517
2307.063
563.889
5646.728
2195.570
3818.572
4855.396
9787.738
1386.365
7543.077
9039.550
2061.571
7245.457
7911.223
9358.929
1627.895
2805.071
3753.563
5813.474
5222.251
2922.115
2750.637
1285.854
7157.887
6162.336
228.740
2395.348
7970.165
9897.367
4020.160
673.994
4672.298
3458.414
9606.604
5158.749
8091.167
6690.330
2264.588
9993.422
5251.964
3749.836
5431.524
3134.114
7280.413
4491.628
7011.262
4751.932
5791.321
8286.125
7837.835
6426.711
3232.204
7612.612
9016.158
4725.506
5150.747
1271.516
7358.430
5259.602
4854.833
9559.581
634.986
5813.782
3433.907
6251.675
6858.357
9641.619
610.421
4732.998
4319.280
2520.527
4390.096
8125.417
1593.411
9660.329
9979.771
5751.709
9237.493
1059.099
941.580
781.425
7393.727
6400.003
8052.203
6402.164
6021.092
3082.922
3835.946
359.970
6972.374
3484.583
3240.402
212.634
9635.648
40.952
3423.439
4139.627
4358.952
9245.654
8120.263
4652.429
376.934
8158.145
4559.312
5048.997
7458.180
9515.411
3395.729
956.120
2992.016
4040.927
4631.163
1803.423
8733.495
1044.630
4988.643
9572.752
3925.350
907.664
4711.286
4666.710
4015.642
5545.632
4253.583
1240.071
6689.869
5444.126
3834.009
6837.845
9436.270
4360.257
1317.713
3683.733
5363.086
5283.962
6398.040
1462.713
6486.526
3752.827
1545.622
3941.531
6208.181
7114.165
2693.810
4270.818
5200.646
828.122
5129.171
6312.610
7420.094
5405.541
2555.821
1837.000
5464.551
74.343
9802.334
5931.686
6996.626
1768.178
2139.981
5468.156
6449.442
531.083
6681.043
7968.265
8734.526
4931.915
3825.957
714.956
4170.391
3582.293
9228.034
2450.862
6350.586
1351.811
9244.512
2508.563
7169.935
1374.258
5342.684
4716.219
5727.737
6438.615
5429.853
5922.354
326.671
5858.557
2575.864
1483.526
5286.142
6414.230
4096.972
2558.636
6788.849
8460.036
6469.776
2553.634
4479.288
792.187
4043.992
2560.363
8032.969
369.777
2022.797
8133.284
415.082
5483.113
6679.508
2247.859
2047.367
3463.067
8279.328
1784.313
2601.941
6525.195
4674.934
7380.536
9640.818
1842.365
6044.632
8997.884
5819.893
4439.655
3741.846
2043.610
8876.122
4005.270
8724.681
1393.698
1116.661
9211.216
7534.321
3159.822
7628.703
5637.495
6290.997
6544.215
4928.767
5893.568
5676.289
626.157
4270.200
3030.828
2370.500
3423.873
6327.618
839.843
4913.869
3075.559
6477.062
7126.109
4460.348
3483.305
2390.602
8558.077
3392.718
9263.656
8164.141
8181.191
7267.781
7348.562
1697.182
9191.686
8060.373
5080.474
4543.287
1063.914
9174.968
7145.326
5949.993
6624.925
5193.594
6187.157
5306.938
1170.071
1828.846
4448.131
9720.930
7213.369
4050.709
6277.687
5936.721
966.381
2855.969
3854.586
8322.244
9139.369
3648.955
965.599
7137.038
7158.451
1702.347
2184.586
3802.638
2392.532
2666.826
7295.706
2393.663
8483.750
8598.292
3304.536
9068.358
9375.182
2471.415
8880.812
3657.338
4129.576
6648.263
8576.571
129.288
6132.833
3270.756
6663.433
5152.364
2776.023
7045.706
2932.769
6470.044
4209.654
3391.170
5302.516
5310.193
2263.956
7412.901
6574.375
9546.065
3128.942
1679.607
5185.158
6828.026
9887.971
3265.805
2296.017
9404.712
3498.588
3030.992
63.322
4852.406
3314.370
2603.897
8434.925
9431.356
741.546
7040.565
315.562
3287.808
2124.127
3625.016
7445.151
9220.477
9451.304
9781.230
1833.733
9230.237
9980.860
5565.214
96.788
5571.752
8372.349
8705.894
534.717
5525.819
7423.793
2663.591
5300.187
1611.155
6005.639
674.814
2497.139
1454.396
5285.734
1252.144
5555.175
4037.046
6839.069
3107.937
9723.086
1538.122
8736.035
9970.610
8025.277
8491.267
8202.943
8262.249
1524.825
2475.050
1948.566
3106.307
1236.933
3055.235
7750.440
634.115
1536.522
8197.734
3394.684
7058.982
7403.716
9871.036
1563.084
7486.622
350.963
3056.816
1761.197
9930.651
375.553
4887.518
2881.212
2501.926
3781.270
3129.625
2493.337
4240.445
9212.940
5731.388
1459.444
2558.594
6747.619
5653.765
4962.730
2764.453
7386.166
7703.300
3547.150
7633.947
2788.963
6585.716
260.359
7500.564
7599.525
7898.954
2493.921
3831.406
9199.747
6284.421
9614.538
1758.315
2240.542
7455.187
9980.036
9532.833
7791.627
3319.884
3433.877
5373.732
9454.187
1921.066
7871.930
4675.878
1280.192
6406.762
975.256
3049.172
4842.095
9753.986
702.665
3156.318
5296.678
4462.958
636.786
5818.170
8786.783
8940.760
8777.399
8355.406
6024.690
4793.217
875.786
5635.282
9400.875
1743.712
1903.851
1792.212
3461.921
9397.719
1751.746
3090.928
1101.312
7571.775
3747.773
4900.967
306.869
9405.671
7094.297
8251.236
8808.577
3976.580
6813.420
3933.406
6470.555
7633.902
7296.182
4622.884
7770.911
5773.553
8049.014
7986.113
9213.245
9270.459
2731.221
6242.949
9013.534
2288.008
5077.217
152.866
8906.166
683.197
7797.285
7893.744
412.860
2726.239
3050.598
1801.977
418.226
6353.373
5584.259
8442.667
3395.720
9671.618
2132.101
9978.639
127.733
3934.243
3167.013
7307.041
5263.578
705.683
5600.516
7932.267
8559.112
7434.654
7523.373
4043.962
7141.750
8154.235
8580.946
8768.847
8644.625
8527.637
2077.087
1065.137
7553.625
6958.434
7400.277
2228.273
9611.090
5984.000
3865.795
9476.735
1619.881
670.888
9567.644
4586.694
6491.601
3230.924
1333.996
8044.224
5882.704
5576.749
4379.903
1683.859
5262.242
4035.558
2751.020
5282.217
8755.008
2939.807
4152.098
5075.458
3603.812
6313.607
5253.993
4669.318
6594.654
9373.584
6072.933
1310.469
7288.537
4062.931
4515.809
2987.963
5403.668
5337.426
4685.233
4333.499
2191.797
7422.138
5038.098
1789.267
8152.459
1757.600
4991.421
1012.127
1928.837
854.176
1069.191
1982.861
7729.038
4773.384
6183.984
9789.252
1116.490
9454.926
8147.095
1551.744
5513.240
8608.162
6000.938
2460.432
4259.894
3386.799
5267.457
6392.123
5575.938
6565.521
5706.304
9076.232
264.211
437.329
7676.535
4278.254
4503.263
150.337
5695.570
5969.563
2571.349
6702.764
289.166
1952.290
6845.824
6314.880
1726.163
6908.031
4921.674
5396.661
1731.735
5339.126
6192.929
2829.895
1772.917
7371.276
2740.735
3783.484
9010.143
2886.234
1871.798
1780.708
3508.544
1953.320
150.981
8237.189
2802.776
2028.519
1271.785
1188.310
2409.097
4889.907
2608.477
7424.828
3378.475
8778.152
7793.598
4755.455
484.447
3710.848
5164.626
3615.132
7139.505
439.421
4423.516
9737.757
5633.743
6017.367
6352.888
2112.116
3789.519
1448.570
2932.606
2939.775
1625.887
9384.442
7700.495
8813.663
4126.535
2338.646
8700.947
4836.116
8705.001
4388.148
8865.173
5895.124
8460.896
1829.342
1166.843
1817.524
4820.896
758.006
8396.862
5617.907
5658.246
2041.839
9901.045
6561.971
7484.537
6654.320
124.428
2263.077
2807.492
6838.651
6305.970
6530.760
6248.519
1070.524
5167.392
2189.943
5513.781
3288.470
939.917
589.608
5812.530
9360.528
9572.639
2019.657
8816.459
6256.007
6466.290
3754.746
9753.820
1891.058
7576.143
4943.804
8732.050
6116.839
6227.812
64.014
4882.674
5819.000
489.683
5157.997
4422.215
9597.249
8445.746
3572.949
6222.876
9993.746
1212.561
420.474
986.729
3739.073
6044.116
7475.883
2617.181
2984.537
4368.326
2735.684
2881.444
2989.543
2098.922
1352.036
2957.781
4232.806
2066.485
7162.891
7961.259
9416.129
912.360
6536.609
3041.776
8329.522
5289.227
8749.758
2148.093
6046.385
4712.043
9616.879
3051.643
2417.534
903.141
7590.947
4723.847
3332.791
5975.214
4053.291
5660.702
6718.914
4295.934
2011.711
4248.378
8742.598
5377.972
9925.554
4763.588
8187.303
7638.150
9876.487
5102.466
9472.670
5369.487
1803.731
4831.717
7285.252
3769.887
8022.490
4655.780
8289.331
9371.217
4744.338
893.756
7886.566
5712.520
9818.307
1059.852
2493.207
6601.130
8411.433
9141.092
303.650
1805.415
847.493
1666.043
6009.066
2522.922
9322.712
8158.302
7439.852
6467.652
2717.160
2068.510
4600.669
4920.235
1220.605
778.619
4066.804
6584.740
4991.574
5772.179
4210.609
5595.876
3568.362
6564.400
9226.770
3520.337
5250.748
4485.710
2425.155
7696.034
8171.157
4912.599
1759.986
752.971
7274.036
9039.466
3064.096
8659.504
3922.174
8785.235
8957.006
7137.755
7348.728
928.486
3895.587
8791.901
9673.705
9064.855
8336.045
5793.111
8703.640
4480.446
7475.990
5464.877
5233.239
9535.010
2545.324
8612.480
4067.711
9648.638
5114.718
2940.347
484.564
2485.721
7390.411
6401.051
6353.597
5429.928
3964.083
7819.702
2633.851
4943.945
2986.567
4637.473
7466.260
3907.733
7234.131
118.028
1580.755
5529.049
8036.089
4860.576
5236.571
4919.985
7532.494
9963.328
3414.506
1933.274
7230.655
1681.089
8479.892
1352.103
3329.232
9920.738
2035.002
9027.206
1778.665
5418.358
179.680
5054.958
8546.673
2941.746
8898.905
7590.245
3057.588
362.070
8796.075
3387.845
5274.260
5938.413
890.732
3666.074
9391.302
8658.962
7699.496
6386.450
9608.395
8982.587
6318.950
8543.125
5952.441
9824.551
2729.232
4555.821
617.280
130.127
9037.073
9360.051
7789.740
5879.843
7877.042
7288.334
2430.764
5870.121
689.748
336.194
5980.371
2113.058
9095.740
1906.662
9455.185
7199.099
1083.858
4627.052
6907.298
3466.346
6232.796
3331.746
4713.213
1320.260
6684.608
6804.749
4661.611
6547.506
3088.926
4375.761
1308.696
8967.685
7236.624
5963.505
6569.874
7266.707
5601.688
6660.087
7016.502
7355.557
510.043
9450.103
1846.471
4098.202
8154.074
2158.277
1997.363
8752.382
5171.609
7219.357
3370.943
6967.052
8008.103
5364.025
9637.720
4680.205
1780.767
6814.583
2590.341
1760.842
7863.417
6084.137
514.564
5738.830
1910.756
8973.066
7546.559
466.400
6540.875
2856.495
9485.283
7055.038
5394.701
3856.532
4028.688
6931.515
7791.145
6993.031
5902.504
9356.807
5696.710
7906.611
9850.353
8251.658
7228.296
7247.694
6953.937
5672.530
3407.965
1325.311
2252.059
1781.699
7388.398
5109.417
4127.218
3655.234
7867.819
6180.483
8428.535
7772.625
913.109
720.088
2799.754
3531.796
6909.885
5136.293
9181.076
7633.261
1858.272
9417.517
4953.567
1677.169
4733.134
808.689
5694.892
7816.989
5127.508
8903.406
5015.136
9813.592
7897.988
5745.869
9441.443
9333.463
4030.813
7036.319
8820.242
9834.815
9447.411
3033.752
5205.791
2885.332
5968.144
249.645
5703.811
4255.314
1153.006
7526.445
7238.939
9629.954
6238.022
2594.576
3714.760
2284.512
3886.107
7701.712
8535.176
7566.122
9971.119
5408.066
7955.838
1525.998
6113.873
8141.443
3234.421
3545.775
2188.854
7605.807
2048.469
5301.744
520.383
2637.122
2149.568
910.722
5986.988
6600.196
2722.601
5601.323
8752.727
7920.299
1418.827
2754.358
8844.215
9843.299
7531.543
1656.132
4292.103
8018.054
4283.069
808.383
7055.760
6994.827
5691.815
4138.606
3449.908
9233.468
5988.171
9954.523
8291.966
2715.101
2047.985
4986.440
4488.834
5751.092
1812.357
8361.247
2281.895
83.019
4162.520
2851.807
4868.960
5867.416
8218.545
3245.485
9621.919
4639.029
2530.625
4175.573
6618.847
8846.338
7131.688
2259.348
8709.311
9053.095
3920.088
9886.523
9831.630
2399.629
3341.120
501.846
800.841
8417.665
7836.122
7725.575
4286.114
792.408
5027.897
3155.608
3196.373
6165.644
6111.215
194.997
9192.867
3573.606
7417.145
3748.600
547.452
613.357
5619.964
8132.631
1065.313
4931.437
9555.397
8040.843
4290.903
2128.523
4118.928
9911.107
9715.826
3673.863
4212.946
3536.132
207.424
923.218
9211.466
6262.067
2376.823
3834.070
911.179
4618.756
4105.176
5471.851
437.582
725.376
5946.861
5900.931
2074.929
3315.216
5628.382
1554.126
4488.770
5723.349
7361.726
8674.474
2309.812
5680.944
190.918
1923.015
3547.858
4259.965
2090.532
1746.355
804.577
3812.020
9034.906
6597.726
6753.849
7245.086
756.809
8605.326
6858.443
3481.892
7414.310
3781.668
4791.768
6443.677
3884.602
367.699
8533.451
7403.098
903.528
1405.427
7607.502
3050.024
4769.561
132.821
4431.798
4113.978
9830.986
9294.727
5247.649
1886.955
475.037
7963.540
8598.190
2490.398
1837.733
1963.405
1824.356
1230.053
953.173
6491.672
8547.180
1882.468
2561.032
2031.375
2605.168
8256.882
6291.004
7148.472
6415.513
7876.258
4442.958
4267.601
4227.868
121.201
2081.542
7020.104
3239.470
3680.520
3663.988
258.062
8040.322
652.183
2919.876
6328.104
6357.214
7138.406
5201.596
3698.723
6565.321
2678.637
4024.265
6534.858
9936.129
3364.184
6013.847
6313.502
3090.431
5978.223
982.228
9074.061
8625.167
3004.960
6347.991
4397.241
4382.828
851.673
7621.644
4706.193
4332.193
6127.397
9174.055
5983.675
6529.148
7322.008
2006.838
3498.983
6126.325
1729.431
7743.440
8638.395
3900.328
9958.758
559.683
5432.881
3265.280
2876.991
1272.511
7876.827
1241.452
8327.183
305.687
1631.526
1347.717
7465.719
8751.194
6207.189
8886.590
3062.486
9245.091
6217.212
1590.583
4607.686
876.568
2798.469
1098.649
7569.036
4848.960
8791.361
3231.452
6643.113
111.458
3773.390
7534.211
5344.587
680.278
7539.990
9055.874
6777.092
8868.030
3126.379
7833.377
2929.494
1140.043
2964.177
4049.716
2341.297
5816.387
4266.535
9334.614
8480.935
4338.358
2235.535
7176.505
3680.711
318.157
2185.600
7914.598
5972.126
3090.527
4176.676
6279.773
8665.341
4985.092
6250.924
1953.053
5016.543
4038.149
4866.682
6110.402
2826.936
6362.660
3623.439
9422.603
6317.139
4895.207
3871.576
9478.966
5120.709
3738.637
3300.623
8103.609
2740.565
9819.170
1099.784
1533.073
9312.050
6076.704
784.471
8924.014
6016.384
2907.079
4282.611
7159.715
988.253
7075.038
3374.463
2424.189
9061.295
9816.645
7079.706
1512.603
195.226
8349.907
6085.535
8346.777
3928.350
7512.342
7809.532
3664.519
9699.217
744.263
8191.043
8351.533
5381.170
2136.501
8804.832
3384.654
8873.528
3761.339
390.737
1855.170
93.168
5005.401
6393.103
1040.955
3210.237
3123.237
2603.725
4996.203
1471.765
6730.367
1502.060
627.468
9456.912
6454.526
2386.447
2724.795
107.609
9463.861
890.106
5916.679
6378.337
7090.834
3975.638
4017.595
9848.796
7270.576
9001.803
9736.863
1143.223
6012.443
7956.302
217.586
9500.086
4623.531
448.337
6374.423
1335.932
1902.883
1554.676
6498.929
147.121
3025.164
3112.991
7101.236
2593.196
9332.523
9556.204
6456.804
8105.649
5753.424
1881.609
8826.998
1865.830
5067.167
5848.499
9822.255
3495.738
732.869
2998.069
5876.564
6305.459
2501.648
5589.320
3302.036
4440.994
1530.756
9044.749
4892.295
7776.228
4218.420
7999.533
4543.451
6892.784
6478.135
4547.997
2861.399
2991.528
2671.155
9781.085
9224.199
79.453
5915.945
2208.601
8268.279
9275.712
8993.331
9159.969
1267.221
7580.540
7566.106
9757.253
5371.873
5950.813
9931.833
554.196
6180.539
4026.001
27.613
7435.024
1607.998
1348.262
2905.541
9866.763
7522.102
7420.424
4397.630
6098.828
8116.696
5445.611
9188.926
403.620
6489.628
7092.252
4017.585
5951.893
3394.575
8128.246
5220.645
9416.638
4635.453
7267.998
2344.260
5899.229
72.156
3076.111
2037.130
5271.584
9706.368
6271.463
8945.889
3528.098
4816.212
7275.423
2831.189
5241.083
4608.467
1347.961
3623.249
5713.480
1357.118
6155.394
8635.594
3922.587
9496.988
9113.530
8655.756
9848.545
6641.189
4349.945
2131.676
2281.350
6991.160
1629.156
9172.556
5700.120
108.027
2084.430
9582.920
7318.389
514.044
8099.989
1648.621
7889.156
6092.863
7187.351
893.558
2363.459
5757.379
2199.564
525.842
8996.202
9353.904
2727.080
7792.163
7993.017
5271.423
5019.018
2959.121
3291.869
3724.672
273.573
140.243
3573.194
6179.799
3641.309
1687.469
1092.298
3891.351
8785.095
365.833
9427.764
1019.339
5340.435
6030.097
3739.635
295.130
9119.933
6022.091
9631.108
1704.923
7405.653
1007.507
9207.492
7159.546
4173.119
470.891
5426.188
6619.332
2590.699
4587.592
8331.423
3642.829
4638.144
1691.415
9267.514
828.082
188.002
3056.724
1664.387
8115.245
393.683
9213.751
9489.114
9419.273
2727.909
4515.853
6957.219
5561.439
7515.309
9177.481
5597.497
3968.433
8302.899
501.595
7264.098
8107.783
912.212
7515.281
4189.630
2128.360
8516.805
5732.330
9673.020
8674.711
2588.921
1261.510
5495.902
343.965
2059.031
5979.295
4661.259
7754.072
5532.020
7985.803
548.092
9692.119
3903.769
4062.677
6075.843
3311.470
3221.866
3351.672
8972.343
4846.493
134.222
3972.705
1739.018
3813.605
4769.311
6800.091
7407.122
6167.404
8391.820
3115.748
4678.719
4380.621
5677.419
5358.095
8546.198
4916.659
3950.439
2685.407
4984.039
6063.449
4228.182
5572.372
806.605
1597.398
1415.621
6158.605
2285.695
8246.149
3494.245
3567.857
8621.612
7418.936
2048.790
5916.687
8861.500
4173.253
8975.618
3231.327
3358.693
8886.610
6716.474
7991.509
3366.832
9602.113
1861.400
2519.991
4862.495
5516.622
4464.523
4936.534
5190.098
4580.241
7916.495
7895.088
3622.805
675.881
6717.323
6822.925
9433.208
8347.654
1993.332
6880.480
3567.522
5546.846
7102.025
360.640
2517.042
7364.217
8168.582
8746.243
5480.623
6217.376
6897.752
6144.523
8411.918
6461.989
5504.879
3317.264
1045.135
3895.564
6109.826
4025.401
5493.060
3122.563
9437.536
7906.832
7511.097
8249.590
168.984
6606.174
4021.070
4879.413
8786.268
2375.233
2988.539
3872.559
2255.595
862.914
4247.393
9845.237
8391.906
2313.346
2365.441
9872.346
1248.884
7890.954
5144.788
364.301
7378.118
351.233
3850.708
2586.443
5301.144
775.982
3762.798
9789.779
3038.130
5591.734
6142.136
1421.796
1036.959
590.140
5208.214
2386.104
346.440
1169.061
6219.380
7819.657
8377.422
513.109
3250.549
6356.304
7095.540
9932.393
7761.927
7345.419
989.354
8078.213
1552.503
9994.352
4657.633
8254.467
192.058
4903.468
2359.522
5543.503
5525.435
962.506
4371.354
7965.175
8342.825
3077.022
7493.857
8387.858
4809.827
8693.654
9553.488
6410.156
2751.012
3592.974
241.675
1932.074
6380.760
9918.658
3135.685
4634.387
575.108
1911.740
6244.894
6084.962
8278.373
7318.696
926.186
3690.784
7138.276
4942.099
1512.254
8214.437
3963.343
1302.609
496.534
9073.787
8096.319
1881.037
6618.534
4143.616
7297.345
4909.242
5693.300
3277.962
2230.652
8178.595
6528.773
7271.909
8148.522
1834.788
6774.794
6481.587
4866.266
2627.706
6047.486
5821.114
8621.960
7585.134
6172.791
5355.252
1914.704
7579.044
892.886
8206.510
9915.147
3753.202
9879.247
9995.451
4542.023
2280.865
4396.099
6532.952
9798.452
5421.294
4458.014
8983.172
4461.765
9343.854
9825.387
8215.964
720.585
1688.436
9681.566
2567.497
9852.929
4330.963
8335.364
5727.831
8539.072
9322.720
6792.712
3974.190
1902.933
8472.262
2541.213
4468.696
1875.719
9538.652
2391.317
8839.296
1975.590
4504.776
5717.909
8762.652
2097.085
7899.489
7946.020
2767.730
9404.070
5637.334
6624.437
5978.837
3919.947
7344.591
4930.954
7016.873
9908.876
7640.408
9953.008
8777.524
6641.772
4341.756
5587.463
2305.166
4640.806
4060.962
2403.278
5481.219
5996.182
8164.572
9310.822
745.704
9848.925
4562.292
4381.571
8570.754
6633.429
3294.755
4661.956
5904.829
7173.533
6388.869
7325.093
1306.379
5225.855
4949.493
7004.158
985.721
4564.137
8956.187
6651.152
2473.856
4198.368
7733.795
1764.806
5136.999
7822.413
1565.604
331.379
9255.555
6083.910
7417.829
3322.088
7886.306
2770.182
4244.184
3090.943
8226.545
8503.919
5839.268
9516.711
1698.912
8042.371
1709.544
6232.774
4475.689
9773.807
8930.634
1788.629
2661.297
8504.991
459.697
3086.778
8851.739
5133.423
7871.640
938.757
9289.756
9298.098
8987.896
84.058
3334.427
3602.524
3366.538
8515.690
9463.983
503.765
1122.474
3456.132
4530.561
5461.241
3046.458
3827.423
5485.672
2439.050
2491.693
1559.150
5295.118
355.552
1996.752
6578.069
7262.107
1573.967
113.585
2823.119
4477.336
6027.747
6409.344
5129.578
3614.756
7074.451
5110.797
9326.111
4791.811
7671.899
360.064
388.455
1712.865
7970.329
8550.433
5993.495
8814.590
7914.331
5711.001
5317.481
4632.054
948.288
408.898
5422.142
3104.263
7419.087
5137.839
72.429
7037.907
8769.845
1661.746
8329.656
448.057
6118.400
8282.208
2763.783
8994.568
9314.315
9498.516
9628.584
232.931
5068.157
1029.022
5843.460
7898.334
5246.778
5662.582
125.640
6941.670
8928.374
7908.825
8116.524
8536.251
4311.051
7915.996
3845.919
6773.976
9068.661
7625.135
2377.910
1269.702
247.654
4629.327
982.123
2392.566
7298.692
1706.787
8674.136
8343.009
4336.781
2496.512
6468.771
5794.262
223.671
6285.278
3190.030
8317.020
7566.267
7374.694
4181.424
9306.086
4224.806
6997.108
2760.441
8627.705
3424.556
8249.069
6760.902
4706.355
1064.772
7011.129
5006.962
6269.749
1318.673
4322.725
1062.501
470.774
4118.184
8180.882
4099.651
6605.149
617.191
5231.495
9230.216
7143.527
5227.065
5321.946
2143.741
296.804
5318.199
4383.790
5395.955
833.377
2181.312
3614.279
6191.369
8367.110
9342.269
5425.451
8003.759
4834.751
6824.167
9129.562
878.289
5381.553
2450.432
1829.587
7759.024
9373.844
3782.688
2483.547
6685.590
757.306
6787.137
9611.423
1202.716
9479.703
9823.211
5613.392
3826.420
8196.817
4048.229
3168.141
9910.590
980.329
3831.827
1680.013
1757.698
3246.409
3273.909
4243.726
5317.412
4623.763
7419.845
8095.425
4316.839
8979.870
9266.709
4018.808
9166.174
8324.187
6154.262
2675.083
483.469
9807.047
1634.461
8325.505
9582.314
7533.013
1413.233
2915.231
766.143
3407.440
4458.261
5987.269
2772.937
3734.979
2866.539
8395.240
9214.067
788.797
6585.440
283.729
351.029
1069.240
1581.054
6304.957
1053.816
4470.706
2547.535
3540.535
2284.682
1075.466
3751.219
97.045
5951.050
4793.191
4103.255
4844.200
5471.306
5564.933
5054.503
1264.329
6897.236
4350.303
2406.450
881.945
7936.852
7616.615
5631.880
4242.137
4721.364
548.715
799.081
9906.544
8660.032
698.283
5693.292
4435.649
8226.669
6291.317
8229.188
8826.165
3021.532
5912.593
1748.117
9372.234
9952.347
8785.807
3293.859
3419.217
3878.236
7368.185
3460.645
2978.800
7560.275
6478.288
8907.199
1674.190
8262.444
5675.773
1130.539
2984.132
846.728
4111.859
7593.297
254.503
9706.089
9569.240
3798.306
1446.241
4379.100
5910.209
7404.198
4088.344
6189.955
5651.730
7975.769
8404.704
5757.624
6886.214
8462.867
9083.515
3717.900
6266.747
7001.532
8658.010
9502.086
2275.526
131.164
7967.277
5516.070
5494.242
1021.449
1665.902
6563.547
5095.170
8802.806
9251.192
6857.121
3271.711
7594.096
4576.723
9461.061
1827.137
6321.343
9320.968
5509.435
7640.289
2921.234
8379.757
3043.395
6226.978
9023.120
7651.303
7811.343
5115.841
3703.286
7182.574
875.746
1257.396
7405.248
5145.726
370.338
9185.057
9619.797
613.376
7251.460
9146.842
6418.575
5601.444
7387.298
6926.547
6434.908
9348.335
4828.752
9573.108
6385.654
299.185
3605.704
3756.932
9727.824
3763.945
7892.423
5971.919
4543.709
5718.040
2885.859
6301.942
9248.281
5714.357
1240.580
9970.531
7212.605
4375.309
2404.103
3392.506
3897.018
3433.730
4696.356
3946.319
2587.820
8791.344
2477.039
5185.846
7331.241
9563.569
3244.624
1710.377
4158.410
8579.391
2010.744
411.572
4195.098
2305.072
2793.722
7316.106
4749.977
660.436
9574.993
1742.776
6975.140
9696.475
1562.166
1992.811
1192.641
2603.048
102.475
9292.126
3480.797
7015.393
7090.373
9204.294
9614.009
9088.225
7213.015
2232.958
4949.844
7306.163
8877.379
7832.450
1357.139
1499.231
1162.787
8545.370
4778.867
5032.191
6642.555
3485.855
9523.515
636.448
2418.540
2887.317
7878.736
2853.293
4212.328
7933.366
6141.009
2557.214
856.811
2590.705
655.071
1528.042
9031.901
6662.711
9956.857
7540.671
588.145
1782.483
1613.713
2941.108
7301.968
4564.083
4855.622
2177.603
406.317
3630.738
2591.191
6255.603
4740.437
9738.737
8902.165
4585.286
9862.546
715.789
610.191
7190.426
2969.144
5432.578
4009.614
2747.329
964.717
3526.279
360.024
422.606
1525.578
94.762
6232.332
5978.516
5501.600
7080.270
7302.098
5114.645
5499.592
5561.282
6683.887
9514.653
7992.064
5671.339
1400.382
3566.862
8795.130
3363.569
3080.019
2227.410
4259.304
5739.667
1476.879
2994.739
3016.939
9162.078
1906.609
7464.164
5630.052
6868.135
192.093
431.261
1982.292
5304.891
1212.650
7012.845
8758.798
903.420
9650.496
754.263
1857.702
1511.303
4028.214
8191.778
1077.013
9202.085
7631.000
7838.771
6920.649
3680.419
2407.418
4064.527
1867.361
8001.675
4442.424
8834.348
946.290
824.747
2096.400
6779.740
8962.922
1916.811
403.962
1567.436
4219.182
128.792
7826.279
4035.991
1071.411
5560.281
3950.655
5068.703
6170.000
132.651
9231.132
8671.623
5724.395
3289.137
363.855
3225.382
3637.258
2040.606
7390.955
1379.597
2851.510
7075.789
1126.697
1558.617
4754.022
9154.714
1999.640
6547.329
3979.686
2504.093
3904.568
7125.809
8459.637
4433.407
9157.935
1221.537
7057.359
2890.453
3150.573
1547.955
9636.436
6175.083
9791.420
7198.086
6903.692
1529.909
1336.008
7161.997
9871.469
1826.698
8693.472
6236.829
1282.798
2067.232
805.823
6298.162
3843.213
9917.362
4193.234
8401.453
2602.950
6993.019
6259.096
3682.306
1333.295
116.931
8448.585
3524.320
5240.810
4264.786
7854.499
1963.260
4863.212
1419.604
8364.108
5796.314
8490.638
2053.061
4940.769
365.171
2956.047
8452.514
7134.059
1481.683
5138.518
1612.480
412.173
6464.848
9023.187
5909.320
6410.336
9757.882
5661.573
8277.876
5688.981
1094.106
5876.046
1108.806
9095.445
6680.421
8052.185
585.380
6322.930
6367.107
5862.779
4678.471
2760.475
2272.701
3267.214
7518.507
8227.699
6832.705
6630.005
9363.122
3688.060
740.866
6302.216
3879.256
4534.372
3751.791
2509.522
6958.471
1540.350
3813.640
2890.661
3784.201
3071.909
2499.637
1530.027
3369.726
4651.983
7207.175
1828.154
2285.583
4472.615
3093.237
8053.838
1795.188
5948.050
214.896
2921.653
5117.408
902.609
3843.652
1038.607
4034.840
9487.065
8422.338
563.686
6566.537
5417.292
8133.356
7924.043
9923.944
7628.931
9546.996
2931.572
5468.781
1941.815
4318.576
4143.628
4891.635
8827.916
2403.167
6811.637
9329.997
5876.551
8756.640
8261.340
5644.512
6050.613
8991.794
8048.437
6572.177
5327.559
1958.315
2733.367
3975.237
5818.916
9715.307
7618.974
6904.545
2962.056
7865.157
294.826
8696.121
7877.983
1717.472
3331.913
9819.653
8488.886
6251.851
5971.487
5697.724
5489.209
348.230
7151.804
1214.469
1763.987
8253.556
4716.487
6132.449
6348.193
3753.542
8148.300
8136.474
6520.859
5018.247
4672.047
2723.130
4127.706
590.234
1070.374
1654.757
4726.038
9484.061
6056.199
4196.632
645.660
865.841
545.541
7856.105
1559.556
1281.640
5674.494
7842.439
8658.081
9903.448
904.074
6966.101
1020.420
4761.475
7056.729
196.255
5277.069
5431.536
1628.222
595.214
2157.071
146.250
6218.663
5848.590
6013.775
7798.827
8426.432
7109.896
5922.860
7808.182
3048.736
4378.358
9446.367
3314.123
9932.565
5128.673
2656.512
5671.370
8319.785
5411.472
2512.997
711.155
30.118
5143.241
187.599
9739.139
6325.768
1804.435
6429.770
738.423
5801.437
9264.557
2567.004
7746.377
3143.478
952.932
3233.717
8874.044
1101.942
9093.937
9422.395
5936.885
519.264
4225.431
2950.758
1165.589
5759.342
1719.144
5938.688
8965.720
5380.751
4521.767
1388.674
3194.935
397.855
3835.489
3463.521
2926.536
4973.555
1956.745
8555.076
2168.100
6887.427
3991.916
737.720
1503.931
7623.005
7668.727
7700.372
2130.095
4417.949
2962.104
5750.766
5250.786
9120.860
5753.230
4985.737
2304.763
1198.478
2240.557
8221.270
3990.616
4737.030
3321.517
9776.080
8559.622
1781.456
663.695
2702.435
2344.908
6856.291
8684.192
5558.016
7995.712
11.924
9155.953
2312.528
8385.464
8240.007
7659.793
1482.833
6662.439
7601.748
3600.873
3090.348
5411.751
912.849
8008.388
4534.458
397.414
8328.832
5837.196
8975.695
6853.238
674.510
1990.165
2322.431
8791.300
7861.340
2779.958
7414.839
4296.744
7236.427
7049.030
6499.870
2277.657
9206.912
3666.580
5590.990
8638.780
9983.500
4621.197
6806.441
2347.785
3786.885
5427.968
7279.761
4362.893
9360.808
7068.784
5736.326
4890.564
8135.511
6184.601
329.646
6942.011
3885.330
2738.405
3831.194
6657.303
6224.177
6867.628
4767.481
3365.784
2782.665
9144.767
5598.166
4851.581
7410.621
964.959
1528.915
5792.931
4248.746
4279.259
6052.787
9844.091
13.153
2392.363
1813.881
8328.579
9336.562
6043.550
7886.995
1012.485
509.872
1489.558
7067.061
6926.615
1467.880
9808.180
9262.085
5706.215
8362.888
9141.304
9583.359
2417.020
1569.955
4096.157
2226.684
1336.380
6467.536
9023.503
3738.365
6658.219
8837.258
4391.546
1759.715
590.568
7226.598
7974.284
7843.829
1814.424
7118.189
5073.066
5438.369
9772.698
4249.523
4490.104
6628.124
2757.977
6926.797
9472.684
3731.072
267.870
9676.642
5346.837
4341.720
2596.690
3079.499
8059.207
915.453
3132.201
7128.387
345.873
8487.650
1326.198
7956.802
4746.877
6621.315
6807.673
279.515
5185.204
4176.978
7607.293
390.014
1328.963
7998.603
7961.976
7058.321
2455.525
9109.271
3668.274
172.970
36.359
2510.371
5453.352
9470.858
761.326
9178.064
3332.287
8198.749
4221.172
1350.753
7420.440
9050.158
1966.981
4701.330
3169.671
2221.389
7165.320
3487.930
1497.115
7930.449
6567.848
7276.952
6775.302
8242.612
9014.123
332.101
8152.338
5546.373
7186.361
7263.187
2170.934
7523.538
1834.900
1028.449
7154.995
957.208
193.120
1884.137
2332.548
9221.404
2800.559
8375.113
7163.744
796.081
5452.990
3960.217
8842.689
8651.285
5498.194
5366.151
8441.855
2844.195
4196.192
1263.625
8667.814
1172.812
9362.676
2359.517
8697.058
5230.038
5014.396
6498.809
4060.636
1701.890
7235.249
4870.023
2046.384
1253.610
7981.819
7907.938
5587.466
9847.416
1047.123
1987.311
1106.009
9835.639
6901.311
501.370
8280.556
673.002
5628.066
5418.820
2206.100
1591.797
9675.458
7913.117
915.447
1083.688
640.002
9157.756
3730.655
531.922
6802.669
4881.321
8413.307
1837.664
635.600
9776.060
7582.350
1384.236
7998.272
353.716
7368.279
5182.988
3241.870
7342.378
3772.382
2544.563
6940.608
1218.100
4699.825
8119.305
5468.757
6965.029
8135.310
4650.550
4142.123
6657.804
9430.064
1284.567
8142.734
959.971
3168.903
4780.882
7945.467
3132.160
7586.124
3466.749
8465.396
1643.776
1998.980
6279.504
3644.580
9981.968
227.479
1740.568
697.056
4751.593
5469.259
4204.837
730.791
5659.968
4598.297
7229.207
4965.332
3480.119
2356.193
6404.000
8263.911
4586.308
8404.781
6491.025
4198.751
3155.568
2708.821
212.027
8368.326
4629.010
7217.515
8531.283
9185.331
6526.639
4313.607
4776.084
7854.091
5209.442
4998.806
7438.860
1756.186
9682.485
2284.287
9004.692
7963.023
6032.784
7755.027
647.971
6094.112
8595.683
1776.709
5141.941
2239.796
6443.502
313.964
2824.888
8167.184
6290.200
3828.682
7966.713
2528.035
5405.807
6227.159
5379.656
3287.348
634.365
4324.815
9616.897
3091.406
2109.136
797.249
1602.813
1794.018
2758.833
6086.362
38.611
2859.717
7198.609
7230.316
7427.112
2862.665
6099.562
4086.067
3060.419
5800.003
4630.508
5913.228
7814.232
6438.415
6065.772
3788.008
8092.549
9412.629
4152.738
6815.982
8766.505
3294.640
332.920
2612.437
7451.113
1352.374
4410.298
5019.049
4963.630
3216.555
9760.667
4525.630
9307.327
4174.533
6675.754
9365.718
3024.393
1309.808
9935.848
7754.725
6261.728
8206.007
9204.701
4239.437
393.384
2434.073
3340.438
5627.569
9543.391
2541.396
2216.236
4466.162
9852.721
3761.651
2144.522
537.559
8834.151
4164.095
3498.427
3341.696
9658.761
5461.056
1624.266
1033.489
7717.822
5192.385
4638.778
3784.034
9303.827
9505.610
4204.883
2034.393
4754.413
8250.532
7879.703
2610.708
902.920
6607.041
4128.602
8169.387
179.346
9964.873
3598.989
7941.128
6205.440
1274.074
2747.637
242.513
8227.682
2584.918
8415.270
9723.931
9231.908
4996.024
4442.159
4822.585
5083.328
3729.435
3918.493
3389.319
4535.679
7551.390
3163.258
6958.030
2453.269
4257.553
6025.387
6626.405
1089.665
6441.449
9600.918
6016.734
6766.774
4264.848
4959.931
9285.557
1798.053
4448.853
8976.983
4650.884
3999.624
7204.442
5858.826
6405.744
8633.021
5321.216
9463.125
886.813
123.328
2133.094
1.959
4366.874
3396.462
7579.715
1223.816
3339.844
7179.340
4082.294
6667.876
167.143
4106.697
6452.678
6084.292
9554.131
4978.280
2554.357
5614.248
3825.377
7010.197
3934.180
7823.526
7467.506
8424.149
8143.518
183.342
3908.374
4218.302
6967.639
3092.195
1.322
463.555
7282.025
1032.486
6183.252
6968.940
3754.405
2955.648
2775.295
659.923
5111.230
489.543
5394.788
4513.340
8187.358
5061.877
4947.350
9392.722
6477.688
7533.376
167.765
8627.762
2409.499
6434.483
3178.463
7681.676
5054.246
3399.316
1034.313
3750.203
7497.547
6890.646
8722.506
2635.990
586.139
7809.635
1586.257
2742.126
2270.527
3084.096
7641.091
8528.562
4262.086
5829.012
2752.456
8275.172
223.371
3173.077
4143.411
3495.207
2210.377
5344.999
201.149
9842.885
4585.504
2113.320
7051.088
1858.875
7119.974
5173.497
4867.300
6397.423
1504.447
7576.009
9388.013
2078.865
7986.600
3789.217
6604.940
4611.284
1354.400
6490.752
1095.192
325.051
7983.836
8681.155
964.510
2764.019
8169.846
2213.547
4870.588
9677.094
459.212
6333.055
9095.207
253.956
7204.138
2319.754
5133.966
4948.666
3055.302
2828.883
772.326
2734.915
613.094
7022.062
116.739
3136.665
9955.818
5083.293
549.605
2877.927
1263.593
8213.457
7076.806
9495.436
2256.705
2697.095
7036.567
6757.956
4667.167
9135.191
638.400
9235.989
6462.229
437.727
5300.867
5865.614
9038.594
4669.753
4256.931
4850.219
1106.080
1344.721
2395.631
4743.879
3479.495
2258.836
4808.831
9060.120
1497.457
460.171
6011.804
4249.821
4286.923
3446.304
306.393
3392.011
2592.167
9184.206
6255.492
441.310
9386.962
6046.164
737.620
2375.750
9988.717
255.453
550.306
9088.746
893.316
6935.533
2031.067
3368.953
9049.408
3356.510
1664.705
5811.767
5790.905
5472.608
3145.684
2006.214
2146.428
1344.415
8864.340
1840.977
4744.459
7539.633
6285.661
3273.322
4032.947
7106.110
2189.400
5404.658
9032.113
210.869
240.269
8206.485
5339.212
1038.916
9856.952
8740.492
5603.996
7045.561
6848.707
6216.539
4193.634
9155.998
8788.288
732.280
265.830
4005.910
589.946
3038.178
5968.893
1816.833
8261.266
5171.660
8987.520
6000.038
1297.569
4304.164
1153.020
3082.681
6687.656
4644.824
7336.751
4049.961
9999.618
4744.550
1345.500
697.054
1515.483
44.240
8037.579
3084.553
7883.437
3010.897
3378.360
6691.182
2256.371
5705.369
6654.026
357.519
8385.514
2125.496
1562.265
8614.486
6637.884
168.383
5398.673
4490.360
2406.327
5555.581
8057.611
1390.041
9880.876
2564.886
5066.256
5140.344
6650.190
8912.553
1370.620
9795.051
7101.827
4629.630
5092.257
3293.477
5090.088
7276.196
2974.434
1566.312
8840.193
8337.236
1736.498
2182.465
3557.532
8143.899
2055.205
1130.685
9710.748
9163.911
4391.738
8829.690
7457.394
4.868
8383.193
3960.564
180.924
4974.170
17.260
6215.174
2607.755
6539.351
3308.859
1554.342
1473.161
532.549
5697.475
6069.549
9204.747
6442.857
8883.956
7041.884
3592.246
7640.330
9325.504
2292.028
8912.399
8875.370
5107.626
1414.991
6477.659
897.256
8411.781
4993.370
5077.478
4535.570
5297.492
382.873
4280.916
9088.251
7017.644
5163.852
6069.335
2360.053
9585.752
1852.615
2767.913
2195.136
813.924
9966.236
1744.746
1847.550
6540.275
4034.647
9846.269
4033.354
264.548
8653.737
3037.760
1008.141
2910.689
4173.214
9217.671
513.683
1935.123
9112.993
4674.538
9937.482
1499.482
7901.840
7155.217
3528.956
7926.537
5032.035
1013.201
16.015
7158.089
9223.803
2405.761
465.781
3433.550
3693.255
5008.670
8733.193
907.991
1117.599
9217.252
9341.259
2428.386
4391.370
302.512
136.696
2186.808
6767.414
3491.086
9564.705
1469.331
7476.400
6437.784
906.649
9219.387
1418.589
2059.443
8324.361
1634.322
4021.627
7198.875
2054.845
7513.905
4858.093
5087.632
2599.121
8579.545
6116.572
2076.352
6248.958
6482.955
4519.989
1601.437
6795.246
723.025
7784.958
856.801
761.765
4189.643
9215.902
8139.458
6008.086
5553.223
6527.682
1337.674
6045.366
218.683
3490.493
530.458
4908.792
4062.629
5490.781
167.129
9930.400
6672.488
2601.920
8795.704
2256.046
3306.352
6258.405
6808.877
7450.264
7292.265
8127.313
5176.312
1032.766
7085.720
2270.780
632.025
6290.333
4704.108
4193.239
5285.588
4207.839
4756.868
2867.182
1125.917
7862.179
5790.094
4331.175
2386.379
6122.826
8164.338
7953.903
1239.983
4002.788
5184.375
8957.970
4793.406
9503.693
6699.665
3297.220
3848.579
9298.781
6894.270
3481.320
6400.618
8097.521
484.976
6441.364
1340.828
9035.630
4046.364
7030.236
333.531
4934.228
1681.585
3251.491
8335.473
2771.880
6757.594
1810.507
5726.569
6213.289
3923.581
5081.645
7520.711
3538.366
8131.353
3085.178
7625.414
815.452
9876.427
6567.734
8619.041
2662.429
8378.572
9780.009
14.346
5439.460
6920.551
4045.491
477.109
217.140
7063.823
5713.952
1968.587
5363.767
959.941
4593.451
6280.550
1095.517
3476.409
1454.614
6931.644
833.256
8355.738
5700.914
1893.831
6709.741
5126.459
6798.729
5117.657
9070.962
5984.831
5560.913
7325.097
2315.378
4366.018
3877.627
9038.736
1914.787
9423.449
3988.190
1316.013
9960.595
3135.147
887.698
2157.310
9079.219
9255.755
3962.155
9056.607
7060.383
5833.012
6445.867
663.471
7042.054
5507.441
3794.862
3025.118
595.771
313.980
4570.060
8377.312
3556.111
204.322
9923.976
6952.833
6938.047
7008.709
284.672
4776.277
7785.951
8055.927
330.739
2913.937
7297.978
6170.249
5851.035
6147.504
6069.599
5264.095
8582.943
1540.354
8800.024
3245.129
7622.891
9865.163
3305.260
6456.570
8502.894
5361.591
1181.564
2369.453
3526.856
1792.806
9963.037
9745.592
9460.387
5269.580
9117.108
7989.995
1167.892
6810.711
4721.654
9911.490
2290.668
108.527
167.520
4610.291
6559.774
2468.219
2730.169
9711.280
5837.407
9389.749
8354.234
4661.734
3480.558
5761.086
9494.698
9312.257
4120.666
9131.522
3358.476
4499.666
3453.052
3033.819
390.130
3850.584
4129.865
823.925
5345.479
8524.475
6350.286
3007.027
5796.847
9114.894
4241.757
3518.680
5413.704
1427.685
1625.974
2929.760
1862.444
5354.878
3263.390
9044.001
1669.059
8563.051
169.990
7856.855
6888.446
9214.881
100.079
344.433
924.116
4442.656
6788.835
3051.277
3342.028
3792.492
4048.376
2945.700
6022.331
9357.999
3311.101
9511.466
5492.732
6822.146
5714.035
9544.542
8787.263
4126.092
2317.947
2623.679
2674.187
6983.708
8554.983
7723.569
8596.793
2960.556
1498.562
3939.336
8170.830
8336.074
1049.291
791.096
6582.340
4467.709
8630.638
6077.358
3729.620
2875.760
9488.137
1745.989
5453.083
