2488
3024
4413
324
4136
237
4555
455
1764
3418
4185
4335
3902
240
33
3198
1931
4118
3271
264
624
1541
380
2223
4647
1303
4586
2767
2709
1091
3319
3423
3321
3383
606
179
4698
3241
3913
907
3901
3314
3096
3251
3640
4183
351
3487
1130
1034
2675
179
4917
26
3466
1014
2313
1266
2634
1985
3977
2186
1124
4969
3451
1044
267
4944
2172
1518
3407
4562
4074
3749
2718
2098
2412
3254
3965
3096
2537
3553
4003
2127
3131
1067
260
769
4189
818
2359
4619
2547
2517
1476
1950
1907
4291
863
895
2712
4546
2056
4310
1038
488
3228
1531
4325
1982
310
668
4160
2195
19
1832
699
3864
2286
3588
4596
1396
187
4379
2073
3172
4993
3999
4075
3493
1564
2038
1197
2
566
1007
1146
2147
3335
2607
341
3158
1608
1953
1005
1346
1531
2374
3657
447
4571
410
3898
3300
3573
1739
3761
1246
112
3002
1082
4146
324
3654
4782
3133
3333
4545
696
4571
576
2234
2328
717
2630
3205
3583
4316
4910
1191
1072
1056
3954
4602
4222
3611
58
1687
4306
3343
1001
926
4963
4851
100
2644
1770
423
2170
3390
4694
122
620
1907
386
3677
1470
3646
4081
3677
1968
347
3846
4529
3347
1795
579
1218
4957
4992
4224
4311
2984
781
4126
2481
697
291
2168
717
4023
538
3917
666
2714
434
1520
4025
1091
1520
587
2146
1793
2745
773
3933
4301
4025
2947
1091
3556
3792
1728
753
1369
824
666
211
2662
766
4592
2077
18
4293
2493
4659
3515
4231
3822
3412
4353
3820
632
4566
1287
534
2164
1504
511
3215
2758
234
2963
4776
2461
2223
1696
1695
547
2816
3175
3075
3588
2987
1482
913
142
1066
16
185
1581
2782
4066
4121
1792
4148
604
3857
1315
39
3316
1566
1174
2151
1862
4293
519
4523
2568
1399
2391
2516
4130
4815
143
4450
1555
2890
3327
2209
1333
4733
2645
711
1168
1787
4503
3736
3841
1509
2960
745
4780
3543
4835
4931
729
3586
2033
4176
2892
2421
3415
4324
4720
2843
3115
4986
2428
3920
1020
257
4126
4929
4851
4132
1069
4465
4229
1975
1791
2909
951
853
3221
3383
3492
3058
2450
4234
2673
1539
331
4080
1310
3609
2172
3575
3708
4001
1334
2320
2692
4702
454
3887
3742
3891
270
3744
3406
4526
614
1681
4573
4912
3
3304
1903
3922
3766
2912
285
3209
2862
1008
1738
1427
2650
179
1829
3620
282
1737
4722
721
4199
405
374
1536
1213
2010
2664
3441
497
3091
4087
3368
1138
4736
381
3794
1632
94
1473
3160
1964
4273
1466
2098
1584
4603
4062
3163
3727
127
1778
1254
4250
1899
1235
3409
375
1824
2092
2678
1645
3779
2179
2656
2048
1490
1960
1142
3871
2318
617
2366
3514
4010
4526
1156
1409
4797
324
4479
1501
2947
3659
944
3091
1980
1109
157
4178
403
22
3781
2242
1194
4350
4473
533
2931
1196
2327
4444
2516
1216
4015
2549
2620
2156
2116
946
1590
1414
3312
3671
2024
1825
4929
2788
1950
3410
2057
3113
418
4255
42
255
39
2137
1527
1638
3802
2355
2591
1022
2420
4041
2949
1722
1941
2859
1334
4904
842
1512
2105
557
967
461
2278
2706
920
3338
3831
4400
4765
4213
332
3938
398
3590
3538
3337
296
1900
2295
279
667
4046
4211
7
287
4943
2180
3196
3557
1530
584
4072
938
3058
2210
4890
3993
1086
972
1691
2535
2828
2515
1426
1642
2057
4792
1153
4932
1726
1408
3994
2550
1001
4783
2937
1374
732
1989
2731
1586
2895
2753
4157
4428
3879
4287
309
2234
3637
1110
801
3827
2064
4824
3089
3753
1382
4737
1467
1671
714
4700
1762
1519
2917
4535
4670
2329
2877
4740
4012
922
244
863
2877
143
1416
4769
2813
2161
3130
3478
1758
3872
1804
2913
2883
4493
2747
98
3809
4121
2301
816
1114
4277
650
30
4141
3744
932
4305
1275
4779
2061
3457
2872
3829
2116
107
4138
3016
930
395
2232
2971
4643
872
3007
2953
740
83
45
1236
2436
857
4694
1847
474
2009
119
4427
4967
988
1065
1623
289
1589
97
3253
3825
4105
1899
4239
1622
1698
2170
987
4819
4004
2300
398
3851
3729
317
127
3092
832
4314
1394
3795
2863
368
3553
2186
2102
2895
1447
2201
3554
1097
2725
4050
4653
1367
3605
1687
4149
3353
4182
354
4682
1984
2079
412
3643
4670
3167
4985
4751
2656
208
3334
3149
1845
3599
1445
1836
2610
4987
3268
4177
4747
2640
3731
3079
1178
740
4635
4253
1896
1498
1429
2021
2553
4426
3314
3872
3096
4916
4114
2708
970
4714
2649
4724
3071
2528
3208
1513
2918
916
1684
4660
1651
3633
3898
1360
3369
4189
529
252
2247
3460
4588
1321
2798
3648
4257
2406
4702
1603
4193
1645
2438
4083
840
1101
2529
2677
882
4117
894
1659
2076
4315
3316
4030
3021
2679
4019
3044
2075
3004
2182
328
4753
547
4024
1547
2365
4982
2362
3532
705
3424
4910
3720
3312
4971
3399
1926
2752
4691
2499
11
1434
1274
792
2569
875
3529
4731
2924
910
4765
1805
1688
719
1851
1638
4381
4900
2695
3378
754
726
1542
4015
3773
3529
989
4219
4234
4763
633
2911
1195
3631
507
4118
1414
611
4104
246
1284
1778
1750
3768
116
3978
1995
1400
4202
4543
4557
2825
3153
4290
3654
1741
1129
3909
4873
2560
4016
4955
1395
4041
399
4307
4430
2350
4811
4788
4181
3096
756
4290
3366
878
2015
3953
1765
2726
2440
1400
4611
3306
1506
3911
590
1448
3287
3321
2356
4587
620
4714
2936
3090
1313
830
1046
3117
4978
1511
324
4652
1765
2633
862
3455
3865
4787
2688
4390
4218
4267
2892
841
4135
3134
4172
494
4483
1307
863
3733
4608
2677
2665
2321
1260
1201
918
1824
4147
262
2387
233
99
631
697
3794
4340
4805
3248
1063
3949
2747
4174
1291
4046
3631
3405
1100
4947
1852
497
1678
3703
1169
1711
4165
2740
4131
3712
3955
4055
2149
3078
4907
1022
4076
3806
3895
4926
841
2366
4302
1888
1615
4025
3077
10
2943
4345
4431
3567
1968
2536
2705
1412
2558
1040
679
2050
3324
2470
4636
3459
4013
3752
4820
3476
2080
3934
2695
310
3147
4552
1024
3808
1158
4878
1903
2611
1895
2001
1089
2925
4764
3330
3165
550
3504
1750
644
423
1276
3242
2491
2211
64
1399
2163
3974
347
3956
3043
196
1023
2563
1830
722
2130
1319
1901
3640
1227
3681
3046
176
2149
4505
1481
710
2017
3859
4737
1420
198
3301
1555
714
4750
3836
4482
365
1441
504
2902
2778
2341
2285
1005
2308
1141
826
1707
2783
4323
2473
1589
254
185
2031
1910
1994
1969
591
1072
4106
1073
183
4617
2556
3360
4454
3645
3618
2761
4650
2045
4545
1044
107
1101
681
2832
4881
521
304
2157
4445
1913
1541
1226
4713
1161
1334
4046
2845
1315
3238
1122
521
2066
2196
557
1873
4026
501
1024
2908
3708
2948
4234
2784
3646
4721
1763
4878
321
1318
4998
4562
1051
2233
1993
1677
3647
4544
926
51
1439
4221
182
4980
4575
4488
1883
3897
4172
4180
733
3130
1125
1740
3978
4890
4461
896
660
2129
3250
2991
324
701
392
1693
1699
4093
1390
2694
3590
3491
4271
2018
3840
3942
3786
4192
680
2415
1954
4986
1732
812
4215
2457
1993
2828
1801
4653
2359
2835
4495
2363
2802
2008
1632
125
4027
2057
918
2746
3724
1563
966
3582
3365
4892
2627
3759
4014
941
2899
703
1236
4838
4670
715
35
3714
3878
659
4596
1967
4905
1825
1989
2374
3406
1285
1200
3836
3517
2143
3144
2521
1262
2594
2599
2171
3270
2616
555
3506
3396
1650
541
4348
4469
1449
4978
123
1217
517
3824
1409
1327
1094
1449
860
1999
3652
3222
4951
4326
147
420
2534
4410
1576
4861
66
1623
2228
679
3578
1415
4113
2186
4454
4608
2555
3197
740
4015
2284
2354
2605
2440
3101
2117
3025
3544
406
4945
2711
1205
3003
1561
3326
2177
1297
1241
2711
4057
3254
4205
2271
3820
3352
4958
1280
3034
2584
1036
4671
2106
3693
1076
4972
793
2360
1661
1890
3890
2266
170
2759
3597
3532
1562
4354
3358
4407
370
338
3213
4402
3712
3588
4427
4396
1333
1197
4578
1391
1857
388
2851
2496
3411
1599
1424
2504
2860
4592
4293
323
2403
4534
2737
3244
3519
3247
3992
4527
2293
783
2330
2508
1976
425
580
1499
2075
544
1426
616
1213
4749
3016
615
155
3982
2700
1185
4371
1707
2145
311
3234
2928
1932
452
3125
603
484
954
1809
1009
4603
4823
2780
1661
1316
1163
2658
372
456
2810
388
3885
2079
1100
2104
3881
4829
683
2865
4058
3724
4645
1214
1143
493
3559
1736
3908
4101
571
1847
2156
1373
2922
832
4377
4656
376
4859
3207
2633
4806
4284
423
4444
1537
1763
4861
631
2542
2308
242
215
4817
4132
2228
4794
1776
1166
4583
4512
4472
2793
3456
845
3682
4309
368
1576
1152
4866
1909
1419
1530
3977
1154
2812
753
507
1361
1466
952
1383
3381
2509
3932
2570
749
1721
4129
3075
1690
3903
1120
4976
2160
1276
4774
883
1497
4486
3761
2783
4927
878
1016
1600
4304
332
4948
1390
2462
3241
3142
2935
383
2162
4918
1586
3228
2737
4801
839
2200
4697
1593
2963
2877
3893
4903
1544
4204
4861
1646
1635
445
1381
4370
1280
206
2669
3747
4393
1580
3277
3354
3262
749
1484
2227
4631
4683
338
3459
313
1946
1558
1334
1808
50
3452
4703
1560
1314
3456
3675
1000
2679
2141
3218
322
4603
3132
4374
3414
43
1437
3808
306
1114
178
236
1171
3913
2306
4854
3946
3141
2614
135
3287
3108
2021
583
800
1158
3913
4834
370
3765
1731
2968
4091
1063
4312
2586
3117
1859
885
1003
1875
4616
4860
309
282
4926
3744
2037
2343
4729
4778
3710
1059
3694
1292
1565
540
2387
3476
3269
1541
1844
4745
2780
174
241
1210
145
3206
3691
950
2020
4865
795
3775
1478
2386
2215
1935
1031
2227
2537
3054
1922
1374
594
2303
4731
1384
1365
4709
227
3083
61
3884
3466
3162
765
4365
4478
4526
327
2209
2062
23
374
3350
29
3194
2356
3755
1761
4590
1671
3970
2897
807
2519
2388
3738
3738
3189
3610
1075
955
1099
1898
4758
3944
3636
3956
3315
3174
2336
3028
3494
4171
4135
4536
1899
359
3414
2156
670
3668
89
1137
3088
4214
721
1911
4355
2857
930
3435
3882
4425
3101
1454
4946
4868
2778
2271
4800
3621
2987
3898
108
473
2121
4355
1814
1321
1331
4392
3897
3339
1082
1294
1648
2594
3109
3510
2439
503
2616
999
2243
4416
1587
3675
2941
933
3429
2498
2196
4137
3878
1814
2051
2946
236
4987
4640
306
3494
2862
3222
4720
4188
1971
2302
4467
2155
4199
1904
1055
4604
2233
2730
3799
280
4587
1810
4793
4137
3464
402
950
818
2641
4539
3540
586
4928
4771
3614
1751
3972
2148
2728
384
2830
2956
700
693
4539
2501
220
3199
751
3213
2956
2391
577
3397
429
453
658
4407
1415
433
1750
1195
4356
1722
2796
1408
1638
813
4791
1824
79
4146
770
2096
2266
2499
123
1535
1768
3629
1394
364
2085
3023
651
1668
1685
2638
1439
4277
3283
2235
886
2217
4538
1815
2223
2845
4474
4987
2898
2198
98
2919
1606
4417
4011
3143
1745
1305
2533
1463
4743
2335
4447
3716
516
3280
1962
2530
4925
2579
2917
2168
3526
639
779
246
1218
4204
4198
4838
1219
4534
3816
3348
2067
2325
441
3510
4123
4625
2052
3470
2936
3525
4011
4980
2358
1326
849
2430
116
1666
4968
476
3379
206
571
1274
2651
1985
2804
3402
978
318
3438
4760
2982
649
2634
1383
1984
2922
1092
4789
606
1710
1500
4581
117
1933
4619
3294
2515
1169
3740
2941
3848
1852
4486
841
3400
4245
3356
1382
2774
2977
3497
4529
614
1408
4521
4614
4359
2741
2901
2164
1736
3812
2390
1729
2879
4112
2143
3287
1781
1024
4980
2290
3094
2958
4157
4267
1401
3798
2582
3089
1605
4667
4969
4295
682
4346
985
1687
3418
1391
3104
4837
74
2049
1907
481
4185
2426
1988
1402
3633
4933
2116
1993
1247
3892
2559
4959
2258
1015
3486
2882
3297
387
3860
1242
1711
3682
2677
172
17
2931
2495
2751
1525
2470
724
3564
3552
3011
609
33
907
2709
4605
632
2749
2475
3413
2268
4513
3894
2429
3445
1335
183
629
4998
2510
4127
4489
3183
1022
1565
3016
3082
124
2540
1033
4230
442
4181
889
3269
260
1490
2668
4479
824
4380
1878
1348
1644
4523
3360
2903
2771
3265
777
2669
51
3659
4679
2103
19
2867
1823
3691
2110
4838
1036
3985
3737
4128
1274
2357
4997
1034
4697
4165
1443
2533
3854
4662
1894
1992
4158
1556
3883
1590
2215
1707
3073
3522
1127
2115
3884
1121
3104
295
3269
3765
4469
84
2866
1027
4166
4282
2597
2228
724
4099
1520
983
2600
3468
2654
671
1527
4268
2933
2309
3150
1865
4443
4162
1934
4566
1041
1423
1973
2251
1643
4294
474
512
3199
4371
1497
1007
4052
1248
3383
2220
4328
2550
2180
2057
3154
1192
2333
1510
4492
2603
510
4562
1270
2997
1795
2762
1697
3258
1867
211
3478
1240
919
286
1811
3180
399
3292
4524
1977
161
2157
1799
2693
4480
2599
1068
2690
2419
660
2654
2381
3498
2473
2912
3731
633
1513
3677
1938
4890
324
2408
2023
318
2117
3926
1521
1026
415
4805
4110
1054
3095
462
54
4676
2486
308
2246
4392
1643
3819
2051
2211
3919
3693
1920
2170
1514
2998
1507
4518
2563
1892
3230
3524
1810
2292
1852
4922
4954
3582
3330
4771
1241
4005
2080
2651
1834
2899
2895
4842
3152
4673
202
4002
1212
2049
4128
262
4430
1784
1988
2578
4474
3531
2178
1626
2298
1519
4864
4406
4024
3141
1104
3299
519
1137
2002
4794
4216
2300
3211
953
510
3512
4806
2862
1543
650
240
1816
2951
4353
657
156
3476
3539
2332
3580
1933
4869
2566
4816
4580
366
1774
4742
4977
4152
790
2522
3932
2212
1819
3942
4875
1436
1074
2184
1949
2514
2148
3792
3542
2747
2663
2362
2305
2270
111
2277
1347
2367
3589
390
2500
4731
1577
539
961
1448
1522
2534
3460
3336
430
2061
2621
4597
3664
2858
4699
612
431
1628
2616
3146
2161
4770
976
949
3548
3280
4201
4138
1071
3346
3682
550
964
350
4813
2578
1666
4547
4807
4889
1471
2410
3097
1697
152
599
4426
4948
2520
1828
1931
2798
618
1636
4223
4689
4910
4569
4108
2490
2085
332
3852
3256
2954
2746
3526
3473
1704
800
4415
438
1930
1278
1419
1733
3207
2411
3812
895
3674
4755
2748
1442
3635
3294
1395
1252
3686
1220
411
4962
266
2966
1059
4140
2932
3170
787
1469
1425
2873
1596
2759
3911
2088
646
4624
4729
4071
2805
3146
1860
3404
2577
4918
2335
2603
3522
3632
2192
4160
3929
2913
1903
2508
3238
4186
535
4230
201
2518
2015
4033
2751
1600
124
1774
1066
4929
1632
4300
1825
3554
4710
3983
2701
2759
479
2107
3206
4076
3013
2201
3427
3063
807
4918
2155
32
1910
737
2643
4442
1410
2099
4697
2192
2814
1967
4752
125
3430
4293
1759
1692
92
158
386
1749
349
218
1296
4950
1654
2528
4336
704
3902
3634
1580
2952
379
4038
3614
3007
1137
2906
4566
1823
3028
3179
18
1676
295
4080
1971
3580
3889
1355
3154
3713
2364
4797
3133
1835
3956
3816
4167
1265
578
4041
1079
3818
3598
1599
1093
282
4067
2757
4426
3561
4059
1989
2330
518
902
739
4036
556
4724
3397
421
321
2913
2672
4907
4612
2821
4679
4784
3655
1699
2756
3938
905
2688
4440
3237
4679
1987
11
3272
1059
2066
3972
116
2692
2486
2649
3732
315
1587
3967
419
1103
3514
2325
241
1975
1943
2044
1644
469
989
1366
299
4130
4600
4374
3724
3734
134
801
3567
2609
1016
3250
711
597
1094
4825
874
210
1718
2006
975
192
1530
1952
4914
204
2975
1570
644
4152
2292
548
3168
3940
32
208
932
4493
584
4875
1120
3134
1853
1494
944
51
1134
1284
3776
2180
2651
4050
4229
141
572
2912
4685
3454
3027
2390
4505
132
1466
1829
2056
4317
1790
1137
2736
1036
983
2370
3729
67
599
2301
1063
632
1354
1469
4403
2572
399
4241
708
2450
3494
1450
322
4415
1117
1646
4527
2494
2182
3076
4245
1357
1745
584
4252
4512
3694
1882
2070
4288
1154
3743
4988
3203
283
4240
997
1394
2402
1931
4470
4068
2462
2068
3526
2903
2845
1803
4971
1583
4311
2410
1173
1640
1843
2748
1480
1561
1619
4637
2407
322
4821
3963
3817
929
2060
1239
4057
690
17
3792
4752
2185
1662
41
4513
1742
3906
1306
356
2656
4623
2312
371
4110
2068
4881
2809
4579
3756
3500
3660
2313
1891
1011
4418
4369
1681
3008
2000
3304
3132
3359
3509
4036
1100
3019
2302
3747
3067
96
1
4935
941
782
3237
1026
3439
4680
3093
427
1544
4835
3007
1426
3279
4767
4028
4287
491
3654
4340
3914
2614
427
4402
1158
2085
894
2689
970
1078
769
146
4679
224
2505
1308
2087
4639
1534
2343
2698
4926
3713
1172
193
2537
527
1225
870
2801
1322
3212
1668
1237
1219
1238
29
4562
4409
4870
2355
4697
3632
3898
1088
4279
4822
137
683
1021
1406
1751
1434
882
805
1579
2635
4710
2206
3809
2620
790
2352
2148
915
513
1246
176
1564
4476
4122
3146
3050
4479
1784
3466
4232
3061
604
235
1589
4685
1333
225
4844
987
1785
2997
2374
589
162
2181
4765
3531
76
556
4961
4025
183
1522
3255
1292
75
4395
120
957
3738
2229
4587
1207
2908
2227
253
720
2758
2332
4612
2560
1386
444
2468
570
3690
4349
3881
4207
1671
2661
2741
3979
1081
4758
3418
1671
200
4448
3014
4898
546
3118
797
4777
2974
3814
47
718
1482
3372
2924
3590
1511
4540
1144
4378
360
534
3204
1832
2667
3716
4008
3249
1874
495
864
4531
2792
1871
4557
3231
3939
1401
2142
3637
4048
3841
1990
1654
124
3642
1731
3752
4469
3114
3186
4061
4495
192
3668
2829
2382
1964
1264
4744
1327
3899
4552
528
2040
4437
1328
2172
2802
4371
3178
4518
4836
4793
4683
4033
3534
241
4787
3045
2927
4564
3359
4144
150
366
987
1531
3850
1036
1601
4638
306
693
4685
4062
1594
4275
401
2355
1122
1178
3336
3329
4050
1568
3380
2510
3809
201
3579
3015
3375
4264
4184
3870
1495
60
3060
99
4009
186
3782
472
229
3835
1827
835
1984
4724
4236
3964
1697
4109
201
3242
1071
4127
1789
3014
3932
368
2324
282
1320
3317
583
4241
1671
480
890
3270
2290
1826
1531
2335
1218
3117
2529
1947
1389
2689
4642
1573
147
254
1441
4137
1058
4819
613
3350
1137
2219
1876
589
1054
3895
3562
970
665
2794
4759
632
3565
2670
2447
3090
1434
3634
1823
3117
33
3072
2381
2779
774
3318
1700
1032
3435
704
3028
885
2419
984
536
809
6
4968
1155
1665
4811
1308
4288
290
1022
3343
3429
3688
4230
2164
88
4988
2915
1888
992
4692
4462
2833
2508
2343
2544
588
3988
4296
842
1488
1512
1052
4984
446
4621
2678
557
4574
4342
4469
2801
4546
4496
3631
3003
4294
4512
4381
402
999
1101
2680
3115
4920
646
1113
57
3372
3101
1159
189
1416
3443
334
436
4708
141
2973
3277
4382
1843
2465
2538
1406
4237
4166
4478
2618
3677
558
1398
3682
2074
925
2002
4409
2716
213
1362
140
1794
3955
3244
4790
4282
2227
2482
2
4041
385
602
3866
2306
326
4207
4377
311
2204
2298
4247
2847
3192
1275
3463
2207
1802
4143
4728
2194
884
373
4305
2806
4842
4706
2074
729
1130
2478
1966
1518
2990
58
2890
77
4904
2543
4103
2128
3214
944
1705
1508
921
4035
250
4671
691
2687
2048
2252
2036
1682
1858
4674
1462
3747
3414
2250
4280
4395
3714
1703
1872
3291
3258
1368
2254
4795
2076
2465
1450
2632
3226
913
1844
385
2023
2438
1476
3898
4540
1577
4034
367
4271
4218
2486
3298
3024
4472
163
48
360
2715
461
1703
1194
1530
1827
511
4738
1055
1772
304
395
2532
3589
4024
3726
3746
4731
4180
1162
1051
2889
1591
4428
2980
1731
3935
4585
1734
4208
3997
2314
2591
4821
2783
3557
1426
4426
814
4303
3947
262
1753
3552
3746
271
448
958
4380
3735
1027
2905
4625
2112
2696
4530
4394
3180
1314
1600
3006
487
1970
4171
1423
4038
3638
3082
4574
230
3123
2326
1586
1204
1344
4508
3200
4718
963
2370
206
3073
3847
2263
1964
1858
1559
4865
3844
2801
393
1939
549
4285
4605
718
3856
1919
3277
2436
2211
4033
1574
3645
251
3981
4263
2973
3434
2246
2361
3068
1376
3684
1922
3525
219
1407
4336
1973
4870
1010
131
3021
3790
1626
3554
4709
1279
3742
589
1605
3462
978
4505
1720
2470
4707
947
2833
1823
3923
4692
1191
4449
1301
3481
318
3181
2220
4989
4388
411
3127
1719
4866
3819
2981
2500
3378
1121
2024
1058
1984
801
2652
4428
2052
2256
4934
4004
2056
299
556
1943
4097
4998
3302
1190
4071
3880
2008
3028
2978
960
1726
2502
999
2142
940
4812
4995
4689
3918
4278
2262
2559
1892
3282
4581
606
1944
2365
3672
2529
3563
643
1005
629
442
3406
4735
3795
2352
1240
459
290
4793
1055
578
3953
1560
2138
4445
4849
2224
3390
2307
4441
2958
2459
1210
2593
3514
2104
1512
4256
2790
751
4451
468
1657
4338
3031
4778
1919
26
1383
109
1092
2524
928
4359
2137
4187
4461
4083
2022
2129
3784
4550
4326
939
3504
140
4043
2523
1586
2573
2726
847
717
4198
4248
4842
3101
4475
1294
903
2063
535
3861
2663
1893
307
3971
650
3007
1620
4828
3884
4574
1443
3961
2131
4740
4013
749
3113
904
3802
1415
4114
4032
1402
453
1403
4777
3301
1226
597
3442
2735
1088
2792
126
198
3219
2039
3038
1993
2119
431
3453
545
4327
2702
4430
374
214
1947
1069
4154
3873
3088
1062
4198
2916
4447
1938
672
959
191
3281
1166
2249
1135
4761
37
4031
865
4474
662
2627
608
4466
3605
912
2230
3596
2034
181
4074
597
2129
111
4729
1697
4523
2168
2544
3399
1788
2807
1030
1999
2101
4996
4436
355
2957
1587
3895
4318
393
3700
1133
4971
4459
3938
2497
2541
2755
3876
2392
1430
2737
2211
981
4668
3435
4209
3046
136
3542
2515
4831
1527
1884
1965
1459
4318
2359
1766
1230
1737
646
1524
1508
578
4224
1852
3870
631
3269
3748
3723
4917
1390
754
4900
1007
1258
1732
2019
452
2836
4529
2605
826
176
757
13
2014
71
1476
4147
2544
4385
4474
2346
4181
1784
4991
4168
3927
4303
3348
4640
2782
2925
744
4874
3962
4592
473
4638
2966
3779
359
5000
3122
357
2375
1
1500
2813
761
1198
3287
1943
568
2837
1180
453
323
3637
4059
1167
3744
492
4639
139
2347
2696
2976
4103
4836
4201
1156
2715
438
80
2702
1126
2011
3547
260
146
3354
4099
334
4651
1558
1661
1037
3226
2860
657
4384
1566
1696
568
3622
999
4130
143
2499
1354
505
1207
2170
3807
3919
3529
2089
4411
3404
3426
4713
2324
1779
2144
3940
3560
2829
3526
3066
4383
4695
4131
2048
3388
4705
3254
3210
27
3100
3483
1478
1957
2698
4472
4534
3762
307
2626
2440
4747
3920
507
4512
2899
2995
4693
274
4429
4540
879
1869
1801
3600
3853
3063
7
3768
1135
3272
2761
730
2466
374
4160
2239
2397
2240
2359
1225
1647
3784
2272
535
1303
2798
3918
629
2355
1196
2342
2354
1786
4698
1423
3831
76
3917
2644
1009
3030
2032
341
718
2612
2196
4029
3681
1683
1637
1062
1489
2994
1840
4852
809
1996
3477
713
4853
1289
2582
3891
4868
3779
3988
131
2954
490
2295
3576
3726
2776
2135
190
2140
1553
4282
2803
707
572
2401
3931
2036
3488
3585
862
4393
2417
322
1892
2289
1518
197
56
587
4035
289
2370
4120
1764
3592
2854
2387
4198
1038
2299
4632
3882
207
4964
4534
3406
4873
1211
4159
2562
2310
8
2742
3863
4052
164
4728
2811
289
1369
2017
4810
3230
4551
4239
3169
4406
1742
4473
212
4298
4697
3304
3991
494
4041
347
3627
4226
4554
4764
2768
4708
4657
3639
3787
3467
2912
4701
3387
4684
4309
3844
912
2532
881
292
3197
2619
2721
4290
2291
4624
750
3969
1720
526
4900
826
2284
872
4166
2825
1442
1863
159
3748
3636
3396
2501
1825
828
35
669
1491
2085
4942
3804
3247
1891
85
1644
4304
177
999
3014
4298
2853
1544
1377
3827
2067
3486
1476
4158
458
540
1758
2452
1876
2074
2843
1009
2788
336
2142
4670
1151
1804
2014
2713
4721
208
715
2819
2372
1432
328
3892
1347
1229
394
2454
1070
1459
430
1978
1673
1701
4405
66
464
2692
1871
2883
1808
3639
171
2152
414
4853
541
459
1029
827
3494
2343
2651
1620
431
3631
4736
3530
4706
663
2615
686
376
2340
2716
3112
2151
1480
4057
3926
84
917
4368
1889
1820
3655
1345
4959
2612
2847
2324
1777
653
4818
1169
3689
1253
2106
1208
2084
4384
3108
723
331
3881
2032
146
1901
3400
554
3016
1688
3609
2378
2476
1803
3168
4626
83
3887
2369
3659
4938
4649
1691
2433
3686
1805
2929
3117
4338
3652
2296
2602
3077
2607
4036
1817
959
3219
2745
4687
1358
4975
3395
1800
3859
4998
4091
3828
2817
1043
1872
3709
330
952
202
1175
990
4591
2038
503
3878
2356
3959
3578
1098
4653
4307
2661
3052
1354
3874
3698
1748
4351
2112
3201
1235
2995
1419
4443
4704
56
498
533
1489
2245
3633
2595
225
613
1220
492
827
4767
35
3183
3142
32
550
2899
2673
1639
3670
174
4562
4865
1295
1606
141
2455
2504
1373
4116
646
783
1781
4407
1393
4195
1708
3837
3756
4240
4636
2267
1874
602
2875
2828
2733
4986
3311
926
2088
1173
1487
2703
4303
2196
908
1192
2587
3429
1697
1119
2621
1367
770
2848
1210
2624
238
1325
484
3015
1734
4510
2088
268
915
3988
3210
2790
3768
4438
1889
2516
1574
3629
3046
3851
3236
2085
2584
614
1723
3359
4241
1523
1804
1046
1812
3493
1884
3614
2013
1918
1762
2272
2902
323
1673
2553
3994
1503
3571
3860
21
2953
3371
1550
2283
2998
476
4072
1885
4615
348
4719
1133
3857
1742
2896
1132
448
3723
1370
2517
4954
1135
3994
4136
3559
4612
619
3294
918
1305
1574
2585
66
691
2314
1338
2918
530
4945
3768
76
3998
3648
4560
3477
4567
4318
729
1621
338
2087
832
1319
3071
1450
2415
1966
949
3259
1329
665
2634
3710
2143
761
3785
164
3630
1099
3105
3408
4646
261
3975
2636
4209
2003
375
4991
4839
1544
2887
589
4824
1248
3300
976
2217
1758
2811
733
1686
3749
1655
4901
2602
741
288
324
1978
3045
494
2570
328
713
3124
4723
1844
4900
1853
2301
868
1883
1736
2045
2630
280
2677
4475
1900
384
1912
1546
2492
1603
25
897
1034
4041
1178
2278
275
4623
3272
1951
1045
3735
4883
293
723
3665
3012
3097
1156
4499
2842
1256
1046
3418
3237
4968
1370
1754
704
700
1358
1674
4349
3223
3444
4759
4091
4123
3470
231
2003
4162
2717
1704
1861
573
1354
4570
863
1722
3002
3859
2450
3077
1638
4264
3769
3347
870
1110
3535
3968
4979
3840
1026
493
3657
4089
4907
1372
585
3190
3422
4746
4307
3390
2315
2756
1494
3165
187
2313
4758
4581
2649
3027
1296
502
3298
4352
2578
4517
395
3045
3856
355
2614
2096
1834
3441
1467
1381
682
2350
637
4918
3100
1936
1560
3434
2807
3168
2955
4298
1601
2065
2970
619
1807
3387
4248
4121
263
1629
965
1652
1109
4641
2634
332
2825
4159
4330
764
895
1222
1442
3956
4604
4357
238
3783
4756
4306
2220
3784
213
4494
250
1168
4380
1055
3119
985
3415
1978
971
3657
3049
3111
990
140
3197
4362
175
4951
679
4581
4525
4318
2048
1594
2274
1572
3383
130
1750
4088
1504
2842
2029
2348
2467
66
4709
4188
4505
4275
4030
1923
4365
1003
4544
4527
1514
4547
949
2180
1713
710
1945
3637
280
1887
4934
4340
247
2969
1603
911
1980
1117
1434
1495
4341
4923
1375
4642
4204
1563
249
4264
1882
4138
2035
2657
3692
3429
4385
2054
4292
818
174
4934
1904
4044
3422
2895
4356
2690
4565
1716
1121
2578
1898
1614
1293
4364
1757
4313
584
1039
2067
2618
4833
216
756
2568
4257
595
247
3305
3150
2483
3412
4465
590
3573
3012
2739
3367
188
1281
976
3882
4979
4749
1273
3919
833
823
2668
111
379
3613
4204
482
995
1396
2059
3560
1785
4944
4954
3033
956
1111
4808
4198
3993
3056
4504
1988
1311
1396
463
4758
3925
3272
4840
72
1378
2721